1711013892.3503952 0.000000 0.000000 0.000000 0.000000 0.000000 0.000000 1.000000
1711013892.4812257 1.852890 -0.894895 -0.004282 0.000135 -0.000200 -0.000038 1.000000
1711013892.5772576 3.895197 -1.140236 0.002217 -0.000722 -0.000022 0.000074 1.000000
1711013892.6736066 6.052604 -1.242367 0.001280 0.000380 0.000082 0.000090 1.000000
1711013892.7772372 8.126461 -1.432033 0.010333 -0.000133 0.000338 0.000213 1.000000
1711013892.8784158 10.239769 -1.525738 0.008156 -0.000073 0.000280 0.000198 1.000000
1711013892.9590123 12.293665 -1.717682 0.001215 -0.000611 0.000030 0.000202 1.000000
1711013893.075617 14.296649 -1.867959 0.015251 -0.001087 0.000581 0.000291 0.999999
1711013893.18297 16.302369 -1.998738 0.020040 -0.001189 0.000270 0.000521 0.999999
1711013893.28026 18.327356 -2.114873 0.005675 -0.001280 0.000296 0.000263 0.999999
1711013893.3726995 20.331968 -2.254543 0.005270 -0.001444 0.000273 0.000349 0.999999
1711013893.4817848 22.406865 -2.400176 0.019163 -0.001461 0.000209 0.000617 0.999999
1711013893.5782776 24.421485 -2.483660 0.019256 -0.001375 0.000155 0.000468 0.999999
1711013893.6794927 26.511177 -2.689148 0.016772 -0.000754 0.000292 0.000646 0.999999
1711013893.779398 28.552075 -2.755742 0.015681 -0.000888 0.000276 0.000572 0.999999
1711013893.8757179 30.610289 -2.945652 0.015102 -0.001113 0.000314 0.000592 0.999999
1711013893.972208 32.703825 -3.001095 0.023007 -0.000895 0.000354 0.000471 0.999999
1711013894.0764658 34.746050 -3.123132 0.017650 -0.001101 0.000211 0.000634 0.999999
1711013894.1751904 36.837782 -3.268794 0.012768 -0.000628 0.000222 0.000749 0.999999
1711013894.2778687 38.952278 -3.422310 0.018747 -0.001011 0.000106 0.000630 0.999999
1711013894.377291 40.977830 -3.495897 0.012760 -0.000977 0.000151 0.000436 0.999999
1711013894.4788547 43.121753 -3.636062 0.023662 -0.000250 0.000267 0.000531 1.000000
1711013894.5842466 45.178898 -3.776909 0.013509 -0.000020 0.000244 0.000632 1.000000
1711013894.6888433 47.227947 -3.962820 0.011794 -0.000981 0.000239 0.000606 0.999999
1711013894.7748988 49.283311 -4.019775 0.006143 -0.000760 0.000263 0.000442 1.000000
1711013894.8729656 51.392120 -4.160967 0.011044 -0.000630 0.000221 0.000449 1.000000
1711013894.969024 53.485332 -4.300895 0.007295 -0.000509 0.000130 0.000598 1.000000
1711013895.103632 55.562367 -4.461443 0.002850 -0.000586 -0.000068 0.000460 1.000000
1711013895.1794984 57.640863 -4.557956 0.014496 -0.000795 0.000213 0.000538 1.000000
1711013895.2785075 59.715319 -4.670091 0.008474 -0.000451 0.000060 0.000459 1.000000
1711013895.3781805 61.828530 -4.716755 0.017034 -0.000630 0.000267 0.000620 1.000000
1711013895.4834323 63.900959 -4.925633 0.019492 -0.000553 0.000009 0.000486 1.000000
1711013895.566817 65.983248 -5.048257 0.018457 -0.000682 0.000129 0.000559 1.000000
1711013895.6728466 68.112207 -5.225037 0.011162 -0.000921 -0.000068 0.000485 0.999999
1711013895.7942517 70.253748 -5.267820 0.005306 -0.002046 0.000236 0.000576 0.999998
1711013895.8830683 72.314316 -5.438950 0.013906 -0.000814 0.000078 0.000510 1.000000
1711013895.9809804 74.452862 -5.476986 0.016645 -0.001425 0.000075 0.000536 0.999999
1711013896.0896466 76.465273 -5.665690 0.018842 -0.000289 0.000338 0.000843 1.000000
1711013896.1806946 78.502264 -5.767161 0.011901 -0.000879 0.000253 0.000235 1.000000
1711013896.278318 80.505557 -5.897187 0.012895 -0.000389 0.000460 0.000366 1.000000
1711013896.38956 82.525218 -6.064125 0.012066 -0.000937 0.000452 0.000532 0.999999
1711013896.482242 84.615327 -6.086408 -0.000873 0.000438 0.000955 0.000613 0.999999
1711013896.5803657 86.720077 -6.232234 0.015905 0.000003 0.000572 0.000583 1.000000
1711013896.685543 88.837688 -6.374180 0.012668 -0.000099 0.001479 0.000726 0.999999
1711013896.7803764 90.952857 -6.423635 0.023957 -0.002334 0.001030 0.000896 0.999996
1711013896.868965 93.059690 -6.610682 0.008922 -0.000952 0.000486 0.000769 0.999999
1711013896.9648032 95.154030 -6.796007 0.024261 -0.000991 0.000453 0.000693 0.999999
1711013897.0672338 97.228578 -6.897022 0.007758 -0.002115 0.001625 0.000364 0.999996
1711013897.169365 99.256140 -6.992131 0.035649 -0.003395 0.003021 0.000263 0.999990
1711013897.2909613 101.264681 -7.164466 0.002972 -0.004299 0.002908 0.000830 0.999986
1711013897.3815856 103.348027 -7.198102 0.023291 -0.002462 0.005127 0.000612 0.999984
1711013897.4733648 105.440591 -7.295798 0.029740 -0.001814 0.004556 0.000492 0.999988
1711013897.5768523 107.442773 -7.416604 0.012861 -0.000522 0.005616 0.000572 0.999984
1711013897.6750264 109.531472 -7.567459 0.014687 0.000474 0.007582 -0.001615 0.999970
1711013897.7775376 111.653612 -7.714651 0.053105 0.001612 0.004129 -0.009038 0.999949
1711013897.8741937 113.751439 -7.866417 0.016772 0.005492 -0.002136 -0.016036 0.999854
1711013897.975106 115.878986 -7.973351 0.029904 0.010410 0.000300 -0.023824 0.999662
1711013898.060811 117.961857 -8.061452 0.028325 0.013133 -0.009271 -0.029877 0.999424
1711013898.1667244 120.103775 -8.104088 0.064733 0.022070 -0.007453 -0.036581 0.999059
1711013898.2681384 122.097375 -8.289583 0.109539 0.028447 -0.007480 -0.037667 0.998857
1711013898.3691251 124.107954 -8.452424 0.137789 0.029189 -0.014158 -0.037630 0.998765
1711013898.4699473 126.225337 -8.501172 0.244191 0.031378 -0.003167 -0.036887 0.998822
1711013898.5665042 128.251642 -8.640304 0.288204 0.024608 0.000469 -0.033144 0.999147
1711013898.6622956 130.308723 -8.848754 0.311156 0.018603 -0.006119 -0.030627 0.999339
1711013898.7782118 132.415961 -8.955768 0.369935 0.018099 -0.003562 -0.024650 0.999526
1711013898.8961632 134.457114 -9.119309 0.466075 0.015203 0.007222 -0.017890 0.999698
1711013898.9670205 136.534438 -9.253526 0.563186 0.013361 0.009867 -0.019377 0.999674
1711013899.068253 138.529525 -9.445995 0.627677 0.018205 0.010640 -0.022211 0.999531
1711013899.163947 140.309437 -10.362411 0.733609 0.016922 0.013826 -0.017314 0.999611
1711013899.2810738 141.620380 -11.980536 0.865459 0.007274 0.014767 -0.003582 0.999858
1711013899.3620648 143.366343 -13.104630 0.876856 -0.000642 0.011760 0.006283 0.999911
1711013899.4685836 145.395197 -13.398095 1.085640 -0.002425 -0.006499 0.002513 0.999973
1711013899.583227 147.215985 -12.429855 0.883986 -0.005771 -0.037906 -0.011178 0.999202
1711013899.675575 147.605337 -10.415616 0.508162 -0.001786 -0.046070 -0.022988 0.998672
1711013899.7929924 145.696289 -9.667031 0.502818 -0.001326 -0.030135 -0.028747 0.999132
1711013899.898119 143.552831 -9.585237 0.793078 -0.006437 -0.013741 -0.033371 0.999328
1711013899.9740987 141.420234 -9.502710 0.801216 -0.007198 -0.013591 -0.037981 0.999160
1711013900.0780206 139.389321 -9.410395 0.764474 -0.009481 -0.016189 -0.045967 0.998767
1711013900.182736 137.310285 -9.329601 0.852885 -0.021127 -0.012332 -0.049482 0.998475
1711013900.2858138 135.308006 -9.167984 0.733011 -0.025609 -0.009018 -0.048352 0.998461
1711013900.389772 133.233050 -8.986665 0.799883 -0.020746 0.000590 -0.042148 0.998896
1711013900.4850535 131.128340 -8.843678 0.896728 -0.021119 0.000937 -0.035500 0.999146
1711013900.5894942 129.076647 -8.709850 0.866214 -0.015436 -0.003288 -0.019305 0.999689
1711013900.6822717 127.002988 -8.561352 0.840605 -0.009409 -0.008346 0.002693 0.999917
1711013900.7794032 124.982228 -8.476446 0.882979 -0.011350 -0.005076 0.018126 0.999758
1711013900.8801992 122.914537 -8.313079 0.889975 -0.017514 -0.008370 0.036790 0.999134
1711013900.9809499 120.847126 -8.145230 0.808425 -0.017897 -0.006698 0.051008 0.998515
1711013901.083679 118.719767 -7.986873 0.847418 -0.011449 -0.006783 0.058507 0.998198
1711013901.1938882 116.632648 -7.944710 0.851919 -0.003558 -0.013497 0.065152 0.997778
1711013901.2883756 114.562061 -7.837371 0.743147 0.003737 -0.020210 0.062152 0.997855
1711013901.3883867 112.450162 -7.708958 0.691242 0.004915 -0.020332 0.056764 0.998168
1711013901.4858499 110.413635 -7.561135 0.748198 0.008827 -0.012965 0.052076 0.998520
1711013901.5850744 108.293622 -7.489336 0.790077 0.008194 -0.011523 0.051878 0.998553
1711013901.6869955 106.239854 -7.316691 0.783242 0.008142 -0.014799 0.052374 0.998485
1711013901.7873163 104.156899 -7.174172 0.792344 0.022451 -0.021040 0.065025 0.997409
1711013901.884872 102.113785 -7.095100 0.767445 0.026550 -0.023629 0.071792 0.996786
1711013901.9717672 100.018350 -6.963612 0.697564 0.019943 -0.018828 0.080943 0.996341
1711013902.0725465 97.916460 -6.894122 0.834380 0.013778 -0.011830 0.082363 0.996437
1711013902.1683137 95.843833 -6.160410 0.869457 0.015124 -0.023135 0.083439 0.996129
1711013902.2797048 95.793535 -8.361422 0.678078 0.017469 -0.034730 0.074054 0.996496
1711013902.3761551 93.736892 -8.027846 0.530948 0.015515 -0.029941 0.061930 0.997511
1711013902.4721339 91.941705 -7.101005 0.673834 0.015650 -0.013151 0.053668 0.998350
1711013902.56794 89.944148 -7.496142 0.831973 0.013570 -0.010856 0.049897 0.998603
1711013902.6737082 87.954757 -7.149841 0.711135 0.015376 -0.015121 0.053159 0.998353
1711013902.7696743 85.838696 -6.858014 0.657475 0.023549 -0.013006 0.061703 0.997732
1711013902.866003 83.780980 -6.562227 0.740723 0.018614 -0.005582 0.068180 0.997484
1711013902.9776042 81.687864 -6.252639 0.659155 0.005506 -0.003468 0.077656 0.996959
1711013903.0857196 79.691120 -5.915744 0.688801 -0.003527 0.006576 0.080233 0.996748
1711013903.192747 77.593595 -5.598136 0.808054 -0.001943 0.004403 0.079363 0.996834
1711013903.3082955 75.541541 -5.227353 0.627173 0.000102 -0.006567 0.075962 0.997089
1711013903.40187 73.531189 -4.911388 0.492725 -0.002513 -0.001527 0.067434 0.997719
1711013903.496896 71.449313 -4.546904 0.534707 0.002184 0.011782 0.062739 0.997958
1711013903.5910196 69.357024 -4.267351 0.729157 0.004139 0.017037 0.051978 0.998494
1711013903.7720907 67.364284 -3.899509 0.594704 -0.001164 0.011831 0.044939 0.998919
1711013903.810365 65.307245 -3.679835 0.671566 -0.006815 0.014259 0.044806 0.998871
1711013903.881983 63.328352 -3.316346 0.625990 -0.002236 0.016208 0.053349 0.998442
1711013903.9022715 61.211884 -2.978150 0.599235 -0.005951 0.014828 0.055861 0.998311
1711013905.1841853 59.170518 -2.820416 0.561493 -0.008712 0.019942 0.054778 0.998261
1711013905.2213378 57.153580 -2.314060 0.710152 -0.004099 0.020839 0.051771 0.998433
1711013905.2618275 55.144788 -1.989760 0.686312 0.000116 0.009993 0.047072 0.998842
1711013905.3024702 53.171679 -1.616336 0.524428 0.006765 0.002045 0.039703 0.999187
1711013905.339608 51.158232 -1.342920 0.355705 0.014684 0.010257 0.034485 0.999245
1711013905.3754785 49.169596 -0.968620 0.657838 0.011439 0.030437 0.030917 0.998993
1711013905.4057255 47.090168 -0.710900 0.785392 0.007418 0.027326 0.032534 0.999069
1711013905.4366531 45.135838 -0.246814 0.615195 0.006560 0.012567 0.037782 0.999185
1711013905.4669275 43.057787 0.063281 0.323271 0.007658 0.009162 0.048704 0.998742
1711013905.4971852 41.006200 0.434488 0.417625 -0.004205 0.024524 0.059374 0.997926
1711013905.5275252 38.976873 0.998121 0.656830 -0.009884 0.035017 0.065289 0.997203
1711013905.5640192 36.859900 1.134475 0.872151 -0.002613 0.033552 0.062399 0.997484
1711013905.600377 34.782911 1.434683 0.634599 0.007754 0.012925 0.057689 0.998221
1711013905.6307924 32.699373 1.803130 0.465382 0.008251 0.000508 0.047405 0.998842
1711013905.658183 30.715082 2.107501 0.381341 0.008320 0.005438 0.039489 0.999171
1711013905.683486 28.722794 2.421471 0.515453 0.013788 0.020975 0.033697 0.999117
1711013905.7087207 26.647610 2.827026 0.577643 0.013474 0.022507 0.024695 0.999351
1711013905.7692397 24.659217 3.113502 0.574822 0.011292 0.021815 0.025838 0.999364
1711013905.8811545 22.615268 3.503039 0.348254 0.014429 0.022656 0.041846 0.998763
1711013905.977054 20.536071 3.814159 0.549207 -0.000073 0.034056 0.044820 0.998414
1711013906.0681274 18.571665 4.191271 0.551229 -0.007693 0.030775 0.046510 0.998414
1711013906.163771 16.511848 4.517888 0.483745 -0.003526 0.031900 0.049644 0.998251
1711013906.2752924 14.401392 4.808075 0.623455 -0.001532 0.033753 0.049751 0.998190
1711013906.3709025 12.325921 5.117068 0.518441 0.000834 0.018389 0.039493 0.999050
1711013906.4671056 10.267801 5.444585 0.246083 -0.000237 0.018206 0.032722 0.999299
1711013906.578386 8.239596 5.705161 0.427280 -0.002165 0.036157 0.027323 0.998970
1711013906.6695352 6.171751 5.953104 0.608638 0.004915 0.040652 0.022812 0.998901
1711013906.7774467 4.101887 6.376425 0.553040 0.007524 0.034641 0.025285 0.999052
1711013906.8757234 2.301236 7.440015 0.382338 0.010154 0.028328 0.038160 0.998818
1711013906.9829504 1.654690 9.386612 0.387029 0.004696 0.039807 0.053324 0.997772
1711013907.0750272 1.790799 11.395222 0.483279 -0.007770 0.044499 0.058609 0.997258
1711013907.1824682 2.309978 13.328968 0.572164 -0.003636 0.045491 0.053251 0.997538
1711013907.292203 2.551931 15.336239 0.612658 0.003043 0.032591 0.042226 0.998572
1711013907.3756733 2.921733 17.330384 0.430734 0.009507 0.016785 0.023407 0.999540
1711013907.473758 3.218502 19.426215 0.315751 0.011003 0.016088 0.011381 0.999745
1711013907.5709362 3.563411 21.421729 0.318506 0.012587 0.026081 0.005377 0.999566
1711013907.6778264 3.870859 23.499092 0.477439 0.013915 0.036596 0.004076 0.999225
1711013907.774864 4.257582 25.537682 0.516863 0.008868 0.036886 0.001212 0.999279
1711013907.877191 4.507703 27.558372 0.487409 0.005407 0.032490 0.013634 0.999364
1711013907.978032 4.875363 29.600172 0.388560 0.005537 0.032946 0.030599 0.998973
1711013908.0750496 5.265618 31.569716 0.238354 0.001638 0.042199 0.046101 0.998044
1711013908.17228 5.614940 33.647545 0.369903 -0.003246 0.058032 0.054989 0.996794
1711013908.268223 5.936088 35.763263 0.560908 -0.000510 0.058257 0.055130 0.996778
1711013908.3796785 6.310981 37.747391 0.378739 -0.000533 0.046933 0.048417 0.997724
1711013908.4775403 6.780079 39.853614 0.227898 -0.005122 0.050216 0.042676 0.997813
1711013908.57361 7.080733 41.894475 0.345721 0.000785 0.060176 0.043318 0.997247
1711013908.6694806 7.442608 43.917268 0.723925 0.011713 0.058048 0.034344 0.997654
1711013908.7705977 7.711384 45.912979 0.504455 0.019304 0.036789 0.026128 0.998795
1711013908.867616 8.363795 47.918033 0.204682 0.020240 0.028781 0.029205 0.998954
1711013908.9734964 8.457915 49.935606 0.294084 0.016607 0.034661 0.040731 0.998431
1711013909.0691864 8.785976 51.931398 0.310249 0.013184 0.032617 0.048112 0.998222
1711013909.1750348 9.144587 53.922999 0.153707 0.004552 0.029885 0.048787 0.998352
1711013909.2712464 9.454456 55.919523 0.273493 -0.002553 0.038382 0.045769 0.998211
1711013909.3724766 9.142568 57.952889 0.570636 -0.002931 0.039734 0.038082 0.998480
1711013909.4714947 8.058823 59.819073 0.288505 0.004552 0.029037 0.030502 0.999102
1711013909.5687673 7.443932 61.799969 0.108314 0.004803 0.035202 0.030263 0.998910
1711013909.676846 7.477865 63.978921 0.330788 0.006171 0.047485 0.022832 0.998592
1711013909.7676303 7.917302 65.931414 0.320679 0.013903 0.048998 0.019281 0.998516
1711013909.8690996 9.884241 66.795463 0.282181 0.016681 0.050791 0.023341 0.998297
1711013909.9699185 12.210800 66.000973 0.304177 0.021642 0.047666 0.030444 0.998165
1711013910.075736 11.183656 64.231476 0.246056 0.013204 0.046750 0.038849 0.998064
1711013910.1895308 11.113090 62.077126 0.297798 0.005048 0.044780 0.049814 0.997741
1711013910.2755373 13.672852 62.456398 0.384139 0.001504 0.040928 0.048493 0.997984
1711013910.3765242 12.268837 60.444867 0.333461 0.002815 0.031716 0.040788 0.998660
1711013910.472565 9.444149 58.409722 0.185976 0.000745 0.024424 0.031773 0.999196
1711013910.5738697 7.645209 55.918694 -0.018756 -0.000956 0.026553 0.029891 0.999200
1711013910.6710567 8.156650 53.921721 0.093715 0.003109 0.034459 0.027945 0.999011
1711013910.7775 7.972387 51.816683 0.203252 0.008798 0.038240 0.021234 0.999004
1711013910.8733237 7.905320 49.386781 0.230968 0.010766 0.042109 0.024201 0.998762
1711013910.9847155 7.528316 46.623700 0.154718 0.012123 0.040030 0.036199 0.998469
1711013911.0857096 7.239996 44.621728 -0.053894 0.004718 0.044945 0.052839 0.997580
1711013911.1687522 7.233434 42.480861 0.236928 -0.004581 0.051524 0.059465 0.996889
1711013911.2699797 6.969911 40.428150 0.269541 -0.004222 0.047718 0.057816 0.997177
1711013911.3717394 7.117478 38.360785 0.140381 0.002322 0.044945 0.049123 0.997778
1711013911.4840071 6.130495 36.552652 0.214874 0.004626 0.037203 0.038450 0.998557
1711013911.5712223 6.497350 33.584536 0.162515 0.002764 0.030674 0.028886 0.999108
1711013911.6876657 8.842887 34.177502 0.016482 0.007207 0.030407 0.023898 0.999226
1711013911.7737 6.544240 33.697903 0.146856 0.010799 0.031513 0.018001 0.999283
1711013911.884964 5.800964 31.735072 0.065224 0.014974 0.031776 0.015998 0.999255
1711013911.9777775 3.870916 30.516049 0.134368 0.012489 0.032206 0.021798 0.999165
1711013912.0785847 6.376471 30.449138 -0.043957 0.011587 0.032489 0.035246 0.998783
1711013912.1801026 8.323633 29.028346 0.041335 0.004828 0.040608 0.050292 0.997897
1711013912.2785556 7.284190 27.309672 0.319624 0.005241 0.039997 0.057619 0.997523
1711013912.3705966 5.002534 27.022725 0.090726 0.007653 0.034492 0.052718 0.997984
1711013912.4716325 6.802531 25.681491 0.201296 0.007874 0.032868 0.047440 0.998302
1711013912.5732646 7.949284 23.207018 0.082373 0.006722 0.023599 0.039595 0.998915
1711013912.6744816 5.253569 22.857394 -0.081317 0.006395 0.026251 0.032973 0.999091
1711013912.77548 3.055375 23.353668 0.030114 0.010722 0.034028 0.029530 0.998927
1711013912.886514 3.905976 21.509946 0.026805 0.017042 0.035068 0.026845 0.998879
1711013912.9839807 3.354466 19.556001 0.018483 0.021865 0.038932 0.025499 0.998677
1711013913.0798085 2.314593 17.814433 0.142803 0.025482 0.036100 0.028440 0.998618
1711013913.1811156 2.187433 15.656492 -0.227840 0.024235 0.034747 0.036609 0.998431
1711013913.2720034 1.667996 13.720643 -0.032098 0.014107 0.048875 0.042396 0.997805
1711013913.3731544 1.631798 11.706461 0.419874 0.008036 0.053061 0.053918 0.997102
1711013913.4795759 1.449574 9.282869 0.154138 0.008604 0.042957 0.052838 0.997642
1711013913.580792 3.406147 8.027643 0.054650 0.009352 0.032720 0.045984 0.998362
1711013913.6746435 5.401458 8.555346 -0.125964 0.007235 0.030691 0.039475 0.998723
1711013913.7721295 6.200143 10.402905 -0.087680 0.010778 0.036812 0.037342 0.998566
1711013913.878342 6.653541 12.618791 0.002615 0.010989 0.042378 0.037757 0.998328
1711013913.979145 6.595216 14.706900 -0.006104 0.014572 0.041477 0.033787 0.998462
1711013914.0748267 6.101018 17.390705 0.119614 0.018658 0.039104 0.036275 0.998402
1711013914.1759703 3.785736 18.897703 0.026989 0.021199 0.031475 0.044809 0.998275
1711013914.2780292 2.323081 20.445085 -0.070560 0.013356 0.030410 0.059942 0.997649
