1718263435.6047294 0.000000 0.000000 0.000000 0.000000 0.000000 0.000000 1.000000
1718263435.7458594 -1.066597 -1.860617 -0.007822 -0.000248 0.000082 -0.000132 1.000000
1718263435.8214638 -2.193315 -3.606346 0.003065 -0.000423 0.000359 -0.000343 1.000000
1718263435.923245 -3.327525 -5.432332 -0.008783 -0.000403 -0.000170 -0.000053 1.000000
1718263436.0239425 -4.442842 -7.226967 -0.002267 -0.000535 0.000120 -0.000348 1.000000
1718263436.1146986 -5.674222 -9.253668 0.007182 -0.000574 0.000271 -0.000623 1.000000
1718263436.211688 -6.783520 -11.097864 0.003727 -0.000266 -0.000188 -0.000555 1.000000
1718263436.3144326 -7.979549 -13.133761 0.003780 -0.000189 -0.000235 -0.000758 1.000000
1718263436.420115 -9.000598 -14.863911 0.002848 0.000011 -0.000233 -0.000606 1.000000
1718263436.5159445 -10.102156 -16.734517 0.009990 -0.000210 0.000079 -0.000511 1.000000
1718263436.6117544 -11.234815 -18.767652 0.004791 0.000190 -0.000216 -0.000744 1.000000
1718263436.7136767 -12.460093 -20.918555 0.010554 0.000449 -0.000159 -0.000573 1.000000
1718263436.8151627 -13.776326 -23.182073 0.012449 0.000506 -0.000034 -0.000408 1.000000
1718263436.9158003 -15.091116 -25.520402 0.018727 0.000365 0.000102 -0.000559 1.000000
1718263437.011673 -16.115831 -27.373983 0.014390 0.000730 -0.000233 -0.000315 1.000000
1718263437.1141472 -17.193506 -29.259370 0.018011 0.000838 -0.000200 -0.000657 0.999999
1718263437.2099764 -18.242209 -31.194142 0.024307 0.000929 -0.000357 -0.000451 0.999999
1718263437.310757 -19.380827 -33.253054 0.019262 0.000588 -0.000566 -0.000789 0.999999
1718263437.4113936 -20.546717 -35.267401 0.004647 0.000572 -0.000715 -0.000866 0.999999
1718263437.5087354 -21.713762 -37.313421 0.011923 0.000209 -0.000280 -0.000701 1.000000
1718263437.6157053 -22.953447 -39.374912 0.003985 -0.000255 -0.000028 -0.000848 1.000000
1718263437.7497401 -24.139466 -41.450304 0.001895 -0.000616 0.000448 -0.000687 0.999999
1718263437.8154945 -25.374844 -43.539436 -0.004148 -0.001021 0.000995 -0.000651 0.999999
1718263437.9214115 -26.610327 -45.665586 -0.001725 -0.001348 0.001277 -0.000904 0.999998
1718263438.018962 -27.812224 -47.760162 -0.002217 -0.001450 0.001639 -0.000703 0.999997
1718263438.1196296 -29.066897 -49.855424 -0.003913 -0.001956 0.001656 -0.000923 0.999996
1718263438.2257283 -30.309956 -52.009386 0.005034 -0.002274 0.002725 -0.000786 0.999993
1718263438.3215325 -31.601991 -54.138208 0.009749 -0.002041 0.002750 -0.000953 0.999994
1718263438.4306219 -32.832336 -56.253935 0.016127 -0.001910 0.002742 -0.001022 0.999994
1718263438.5263698 -34.073574 -58.401512 0.006814 -0.002240 0.002732 -0.000667 0.999994
1718263438.618787 -35.384028 -60.577784 0.005636 -0.001958 0.002651 -0.000393 0.999994
1718263438.715012 -36.688083 -62.705029 -0.014957 -0.002393 0.002622 -0.000729 0.999993
1718263438.8257673 -38.049669 -64.827762 -0.002342 -0.002837 0.003519 -0.000740 0.999990
1718263438.9165578 -39.413340 -66.942900 -0.009419 -0.002789 0.003427 -0.000822 0.999990
1718263439.0195906 -40.830119 -69.013759 -0.005797 -0.002857 0.003594 -0.000908 0.999989
1718263439.1206484 -42.326357 -71.004325 -0.020703 -0.003067 0.003717 -0.000918 0.999988
1718263439.2270265 -43.846780 -72.992694 -0.010028 -0.002983 0.004152 -0.000981 0.999986
1718263439.3492823 -45.496610 -74.918627 -0.008757 -0.003085 0.004228 -0.000934 0.999986
1718263439.4377787 -47.295402 -76.740293 -0.015831 -0.003488 0.004371 -0.000881 0.999984
1718263439.530366 -49.226033 -78.445399 -0.005270 -0.003604 0.004906 -0.000986 0.999981
1718263439.6211815 -51.242477 -80.019043 -0.007795 -0.003530 0.004963 -0.001062 0.999981
1718263439.7170973 -53.380658 -81.473962 -0.004486 -0.003754 0.004972 -0.001341 0.999980
1718263439.8145182 -55.558013 -82.794267 -0.003270 -0.003447 0.004759 -0.001117 0.999982
1718263439.9202185 -57.821721 -84.060149 0.002542 -0.003529 0.004763 -0.001180 0.999982
1718263440.0211623 -60.156314 -85.201818 -0.005656 -0.003505 0.004310 -0.001038 0.999984
1718263440.114169 -62.572870 -86.235571 -0.003967 -0.003608 0.004381 -0.000952 0.999983
1718263440.2570677 -64.979578 -87.294639 -0.003992 -0.003369 0.004228 -0.001033 0.999985
1718263440.3201425 -67.388355 -88.366960 -0.000706 -0.003485 0.004075 -0.001035 0.999985
1718263440.4158077 -69.848549 -89.495402 0.002808 -0.003404 0.004198 -0.001148 0.999985
1718263440.5164936 -72.275769 -90.619681 -0.005085 -0.003712 0.004247 -0.001061 0.999984
1718263440.6253953 -74.739405 -91.813366 -0.004815 -0.003472 0.004221 -0.000980 0.999985
1718263440.7135098 -77.203749 -93.021306 -0.001642 -0.003805 0.004385 -0.000703 0.999983
1718263440.8164186 -79.673776 -94.304798 -0.009364 -0.004028 0.004406 -0.000851 0.999982
1718263440.9172814 -82.106316 -95.703413 -0.020644 -0.004138 0.004502 -0.000690 0.999981
1718263441.014909 -84.551782 -97.174939 -0.010388 -0.004658 0.005232 -0.001302 0.999975
1718263441.1105502 -86.970876 -98.758605 -0.011503 -0.004465 0.005184 -0.001279 0.999976
1718263441.211434 -89.355300 -100.451640 -0.009487 -0.004616 0.005288 -0.000967 0.999975
1718263441.3122294 -91.679669 -102.274353 -0.017104 -0.004701 0.005043 -0.000655 0.999976
1718263441.4128366 -93.983191 -104.208477 -0.018744 -0.004567 0.004980 -0.000895 0.999977
1718263441.5195785 -95.467896 -105.558909 -0.010699 -0.004362 0.005199 -0.000918 0.999977
1718263441.6152759 -96.912395 -106.946862 -0.015600 -0.004568 0.005010 -0.000857 0.999977
1718263441.7162063 -98.317426 -108.406943 -0.022473 -0.004430 0.005058 -0.001084 0.999977
1718263441.812133 -99.690429 -109.895361 -0.017208 -0.004280 0.005487 -0.001288 0.999975
1718263441.9195201 -101.045637 -111.413192 -0.022334 -0.004040 0.005324 -0.001333 0.999977
1718263442.015458 -102.377382 -112.945197 -0.016087 -0.003920 0.005318 -0.000959 0.999978
1718263442.1163807 -103.732121 -114.541930 -0.021803 -0.004172 0.005445 -0.000775 0.999976
1718263442.2171204 -105.067979 -116.174069 -0.022920 -0.003871 0.005370 -0.000664 0.999978
1718263442.3240814 -106.374299 -117.800162 -0.018972 -0.003736 0.005324 -0.000930 0.999978
1718263442.4147022 -107.720411 -119.468787 -0.017389 -0.003769 0.005281 -0.000949 0.999979
1718263442.5153894 -109.049805 -121.094492 -0.026731 -0.003537 0.005129 -0.001112 0.999980
1718263442.6160893 -110.361001 -122.757219 -0.026268 -0.004087 0.005224 -0.000993 0.999978
1718263442.716945 -111.731238 -124.442931 -0.017957 -0.003837 0.005409 -0.001279 0.999977
1718263442.8194098 -113.051657 -126.137031 -0.023182 -0.004106 0.005150 -0.001171 0.999978
1718263442.915988 -114.424173 -127.888579 -0.014140 -0.003843 0.005412 -0.001262 0.999977
1718263443.0370064 -115.808612 -129.620997 -0.012156 -0.003992 0.005334 -0.001219 0.999977
1718263443.1269066 -117.180590 -131.365051 -0.021526 -0.004044 0.005065 -0.001132 0.999978
1718263443.217405 -118.578085 -133.088662 -0.028104 -0.004177 0.004972 -0.001223 0.999978
1718263443.3146544 -119.976784 -134.859064 -0.020407 -0.004246 0.005310 -0.001196 0.999976
1718263443.4162915 -121.354136 -136.643202 -0.024732 -0.004022 0.005215 -0.001282 0.999977
1718263443.5171456 -122.793432 -138.385651 -0.018098 -0.004073 0.005205 -0.001392 0.999977
1718263443.6147683 -124.214651 -140.103435 -0.012790 -0.003756 0.005089 -0.001141 0.999979
1718263443.7225106 -125.735967 -141.836835 -0.015434 -0.003785 0.005068 -0.001344 0.999979
1718263443.8264863 -127.234682 -143.571945 -0.001611 -0.003816 0.005483 -0.001185 0.999977
1718263443.9173915 -128.734161 -145.291281 -0.009722 -0.003427 0.005021 -0.001195 0.999981
1718263444.01734 -130.275575 -147.012565 -0.009754 -0.003602 0.005075 -0.001566 0.999979
1718263444.1080382 -131.834324 -148.714702 -0.012067 -0.003670 0.005293 -0.001941 0.999977
1718263444.216084 -133.373236 -150.402858 -0.006251 -0.003674 0.005301 -0.001657 0.999978
1718263444.3122654 -134.964776 -152.122656 -0.003698 -0.003505 0.005406 -0.001789 0.999978
1718263444.4151344 -136.524195 -153.839643 -0.010844 -0.003570 0.005146 -0.001691 0.999979
1718263444.5161982 -138.150410 -155.498932 -0.007328 -0.003279 0.004984 -0.001636 0.999981
1718263444.621964 -139.743186 -157.150414 -0.004796 -0.003147 0.004795 -0.001786 0.999982
1718263444.7084448 -141.399934 -158.770839 -0.007704 -0.003202 0.004684 -0.001644 0.999983
1718263444.8124256 -143.070680 -160.376234 0.022367 -0.002941 0.004741 -0.001380 0.999983
1718263444.9194732 -144.777442 -161.952147 0.009268 -0.002038 0.002450 -0.001413 0.999994
1718263445.012017 -146.460907 -163.523708 0.002997 -0.002270 0.001920 -0.001520 0.999994
1718263445.1274939 -148.169264 -165.050951 0.004884 -0.002546 0.002348 -0.001402 0.999993
1718263445.2270563 -149.885328 -166.616202 0.011077 -0.002938 0.003276 -0.001519 0.999989
1718263445.3194356 -151.655555 -168.091649 0.019060 -0.002989 0.003553 -0.001224 0.999988
1718263445.4203184 -153.438010 -169.639270 0.016534 -0.002834 0.003711 -0.001063 0.999989
1718263445.521014 -155.236779 -171.119346 0.023626 -0.003005 0.004505 -0.001267 0.999985
1718263445.622471 -157.000906 -172.565304 0.034449 -0.002835 0.004324 -0.001140 0.999986
1718263445.7163455 -158.829152 -174.002318 0.032191 -0.003076 0.004520 -0.000587 0.999985
1718263445.817249 -160.654481 -175.464131 0.040106 -0.002897 0.004989 -0.000742 0.999983
1718263445.9200678 -162.521930 -176.920066 0.055833 -0.003101 0.005315 -0.000906 0.999981
1718263446.0213053 -164.368358 -178.342930 0.053995 -0.003158 0.005331 -0.001217 0.999980
1718263446.201642 -166.216636 -179.797660 0.059756 -0.003611 0.005848 -0.001705 0.999975
1718263446.2218256 -168.082980 -181.258837 0.079645 -0.003527 0.005837 -0.002454 0.999974
1718263446.2772634 -169.947024 -182.698282 0.097703 -0.003541 0.005346 -0.002444 0.999976
1718263446.2772634 -171.813783 -184.145911 0.111664 -0.003051 0.005142 -0.003242 0.999977
1718263447.6030233 -173.688334 -185.599534 0.123403 -0.002580 0.004886 -0.003655 0.999978
1718263447.628551 -175.556440 -187.050292 0.136875 -0.002325 0.004586 -0.004328 0.999977
1718263447.6538093 -177.525084 -188.483236 0.149241 -0.002415 0.004424 -0.005146 0.999974
1718263447.6841886 -179.385968 -189.955927 0.162513 -0.002326 0.004364 -0.005981 0.999970
1718263447.7096918 -181.316011 -191.374879 0.172333 -0.002360 0.004221 -0.006696 0.999966
1718263447.7374723 -183.227117 -192.815043 0.203590 -0.002554 0.004366 -0.007283 0.999961
1718263447.767814 -185.128165 -194.276081 0.228077 -0.002238 0.004454 -0.008107 0.999955
1718263447.7879655 -187.027328 -195.736417 0.248976 -0.002317 0.004337 -0.008820 0.999949
1718263447.8212018 -188.950659 -197.200916 0.269881 -0.001867 0.003769 -0.009261 0.999948
1718263447.846417 -190.871629 -198.651384 0.285132 -0.001538 0.003200 -0.009859 0.999945
1718263447.866575 -192.766702 -200.131803 0.313912 -0.001244 0.003112 -0.010470 0.999940
1718263447.8816981 -194.720027 -201.637007 0.338517 -0.001283 0.003143 -0.010800 0.999936
1718263447.902409 -196.603617 -203.120567 0.366949 -0.001221 0.003073 -0.011139 0.999932
1718263447.9174612 -198.555044 -204.630596 0.403086 -0.001065 0.002649 -0.012021 0.999924
1718263447.9376485 -200.518168 -206.158932 0.440602 -0.000165 0.001295 -0.012959 0.999915
1718263448.0136764 -202.473114 -207.678371 0.464505 0.000303 0.000115 -0.013244 0.999912
1718263448.1156306 -204.361711 -209.237649 0.472852 0.000264 0.000398 -0.013917 0.999903
1718263448.2219486 -206.273117 -210.802293 0.498376 0.000056 0.001853 -0.014804 0.999889
1718263448.3178558 -208.240456 -212.355474 0.518773 -0.000240 0.003278 -0.015263 0.999878
1718263448.4206529 -210.130840 -213.912980 0.546262 -0.000367 0.003922 -0.015657 0.999870
1718263448.5165942 -212.051507 -215.496889 0.562608 -0.000641 0.004201 -0.016638 0.999853
1718263448.6174204 -213.986271 -217.085715 0.601007 -0.000972 0.005411 -0.016985 0.999841
1718263448.718205 -215.921925 -218.640381 0.649141 -0.001296 0.005752 -0.017581 0.999828
1718263448.8241024 -217.859100 -220.213141 0.677744 -0.001894 0.005251 -0.017809 0.999826
1718263448.9272997 -219.794667 -221.818906 0.728583 -0.001490 0.004619 -0.017783 0.999830
1718263449.030785 -221.724540 -223.403217 0.752560 -0.001991 0.003944 -0.018649 0.999816
1718263449.1219652 -223.646743 -224.991321 0.786931 -0.002323 0.004199 -0.019162 0.999805
1718263449.2361407 -225.578541 -226.588874 0.824081 -0.002097 0.003986 -0.019414 0.999801
1718263449.3275082 -227.524355 -228.126362 0.871326 -0.002051 0.004271 -0.019481 0.999799
1718263449.4206977 -229.496188 -229.724817 0.908023 -0.001979 0.004412 -0.019601 0.999796
1718263449.5169926 -231.435584 -231.303928 0.938691 -0.002748 0.004447 -0.020039 0.999786
1718263449.6182263 -233.380225 -232.930350 0.976225 -0.003463 0.005045 -0.020315 0.999775
1718263449.7177753 -235.368296 -234.504510 1.021121 -0.003069 0.005277 -0.020985 0.999761
1718263449.815962 -237.357157 -236.075853 1.049626 -0.003535 0.005569 -0.021420 0.999749
1718263449.9274254 -239.331277 -237.692682 1.091763 -0.003657 0.005772 -0.021202 0.999752
1718263450.018102 -241.328513 -239.291360 1.138875 -0.002987 0.005386 -0.020575 0.999769
1718263450.113757 -243.350436 -240.862597 1.190591 -0.002286 0.005283 -0.020758 0.999768
1718263450.2199192 -245.386960 -242.445347 1.220387 -0.002871 0.004988 -0.020676 0.999770
1718263450.338771 -247.493795 -244.074442 1.290480 -0.002322 0.005075 -0.020461 0.999775
1718263450.4458518 -249.541535 -245.650046 1.337118 -0.002165 0.004474 -0.020357 0.999780
1718263450.5164444 -251.622942 -247.244691 1.395979 -0.001778 0.004213 -0.019928 0.999791
1718263450.6172383 -253.736597 -248.871878 1.427811 -0.001974 0.003851 -0.019774 0.999795
1718263450.717916 -255.860048 -250.457745 1.475174 -0.001679 0.003910 -0.019562 0.999800
1718263450.8204327 -257.977542 -252.083895 1.529634 -0.001926 0.003729 -0.019338 0.999804
1718263450.9164612 -260.120447 -253.694476 1.561236 -0.002063 0.003572 -0.018974 0.999811
1718263451.0173464 -262.310784 -255.352372 1.633791 -0.002548 0.003901 -0.018795 0.999813
1718263451.1230533 -264.484023 -257.013055 1.691349 -0.002448 0.003822 -0.018309 0.999822
1718263451.2246766 -266.662876 -258.661200 1.747209 -0.002559 0.003330 -0.017784 0.999833
1718263451.32076 -268.832912 -260.322378 1.804402 -0.002079 0.002224 -0.017290 0.999846
1718263451.44794 -271.029128 -262.014153 1.850300 -0.001704 0.001889 -0.017136 0.999850
1718263451.5271397 -273.229017 -263.715965 1.868647 -0.001320 0.001674 -0.016381 0.999864
1718263451.633378 -275.455700 -265.458732 1.905236 -0.001551 0.002522 -0.015847 0.999870
1718263451.719638 -277.682395 -267.182821 1.975279 -0.001440 0.003913 -0.015441 0.999872
1718263451.816039 -279.929171 -268.922933 2.030801 -0.001855 0.004113 -0.014571 0.999884
1718263451.911641 -282.095581 -270.637899 2.116230 -0.002333 0.003984 -0.013936 0.999892
1718263452.017706 -284.378558 -272.418706 2.184848 -0.002771 0.003459 -0.013685 0.999897
1718263452.1184783 -286.603231 -274.162038 2.265985 -0.002785 0.003445 -0.013180 0.999903
1718263452.220517 -288.876621 -276.002726 2.315027 -0.003466 0.002689 -0.012762 0.999909
1718263452.316546 -291.106077 -277.769319 2.382324 -0.003564 0.002015 -0.011718 0.999923
1718263452.4173093 -293.349880 -279.554323 2.436983 -0.003489 0.000529 -0.011181 0.999931
1718263452.5279837 -295.619034 -281.362271 2.522189 -0.003456 -0.000311 -0.010833 0.999935
1718263452.6199434 -297.887429 -283.216522 2.599871 -0.003420 -0.001626 -0.010277 0.999940
1718263452.7284021 -300.136043 -285.056800 2.640089 -0.004370 -0.001981 -0.010003 0.999938
1718263452.8194597 -302.433675 -286.954331 2.740794 -0.003994 -0.001676 -0.009751 0.999943
1718263452.9216263 -304.706972 -288.825264 2.781142 -0.004624 -0.001845 -0.009427 0.999943
1718263453.0177984 -306.952909 -290.722698 2.841822 -0.005294 -0.001166 -0.008922 0.999946
1718263453.1184056 -309.220153 -292.585947 2.923749 -0.005519 -0.000265 -0.009153 0.999943
1718263453.2158592 -311.494981 -294.464209 3.003235 -0.005934 0.000777 -0.009379 0.999938
1718263453.3219342 -313.807272 -296.415665 3.105132 -0.005824 0.001427 -0.008819 0.999943
1718263453.4176142 -316.114801 -298.352844 3.175095 -0.006794 0.001487 -0.009026 0.999935
1718263453.5133288 -318.412199 -300.283054 3.248564 -0.006423 0.001801 -0.008608 0.999941
1718263453.6144347 -320.698863 -302.257129 3.344115 -0.006600 0.001813 -0.007932 0.999945
1718263453.7152386 -323.005938 -304.196879 3.443365 -0.006681 0.001225 -0.007637 0.999948
1718263453.8159468 -325.305704 -306.175264 3.523505 -0.006549 0.000557 -0.007241 0.999952
1718263453.921754 -327.618250 -308.131135 3.574696 -0.006897 -0.001035 -0.007184 0.999950
1718263454.0228786 -329.896622 -310.087089 3.652076 -0.006888 -0.000974 -0.006377 0.999955
1718263454.1157024 -332.227219 -312.113801 3.708147 -0.006895 -0.000578 -0.006220 0.999957
1718263454.2317567 -334.560383 -314.120781 3.829130 -0.006952 0.001406 -0.005664 0.999959
1718263454.3174856 -336.887208 -316.133763 3.875685 -0.006052 0.001220 -0.005455 0.999966
1718263454.4185607 -339.207488 -318.137028 3.934111 -0.005653 0.001989 -0.004822 0.999970
1718263454.5374267 -341.552702 -320.182631 4.017517 -0.005745 0.002811 -0.004642 0.999969
1718263454.622988 -343.900351 -322.227321 4.090114 -0.005698 0.003407 -0.004562 0.999968
1718263454.7135887 -346.233159 -324.260740 4.173519 -0.005751 0.004510 -0.003899 0.999966
1718263454.8151617 -348.581928 -326.349081 4.225879 -0.006708 0.004991 -0.003772 0.999958
1718263454.9215543 -350.915875 -328.421019 4.325760 -0.007076 0.005653 -0.004546 0.999949
1718263455.022569 -353.269402 -330.516187 4.405594 -0.007575 0.005427 -0.004617 0.999946
1718263455.1182408 -355.580876 -332.560072 4.517144 -0.007413 0.005581 -0.005072 0.999944
1718263455.2303596 -357.939201 -334.679111 4.646864 -0.007722 0.005415 -0.005641 0.999940
1718263455.3171487 -360.202378 -336.794985 4.762084 -0.007578 0.003037 -0.005681 0.999951
1718263455.4228013 -362.404723 -338.881847 4.893419 -0.007109 0.001389 -0.005035 0.999961
1718263455.5135174 -364.801214 -341.177520 4.983225 -0.007700 -0.000256 -0.005359 0.999956
1718263455.6203096 -367.141382 -343.398263 5.086914 -0.006572 -0.001222 -0.005736 0.999961
1718263455.7272828 -369.336578 -345.508985 5.191483 -0.006505 -0.001510 -0.006375 0.999957
1718263455.823715 -371.431402 -347.528011 5.269329 -0.006480 -0.001574 -0.007182 0.999952
1718263455.92042 -373.001612 -349.083862 5.364533 -0.005640 -0.001697 -0.006877 0.999959
1718263456.0162728 -374.426424 -350.527906 5.422795 -0.005741 -0.001290 -0.007683 0.999953
1718263456.1120005 -372.994148 -349.044057 5.474955 -0.005455 -0.000876 -0.007161 0.999959
1718263456.2163632 -371.352996 -347.575454 5.602536 -0.004446 0.000742 -0.007393 0.999963
1718263456.3221714 -372.889432 -349.075569 5.681334 -0.005188 0.001269 -0.007164 0.999960
1718263456.4180636 -374.430128 -350.514940 5.772655 -0.005050 0.002439 -0.006816 0.999961
1718263456.5187201 -375.911121 -351.996287 5.885080 -0.003770 0.002846 -0.006614 0.999967
1718263456.6193495 -377.279207 -353.455268 5.971983 -0.003932 0.001909 -0.007218 0.999964
1718263456.7211192 -378.889216 -354.970732 6.076713 -0.004183 0.001769 -0.007788 0.999959
1718263456.8170063 -380.403423 -356.460781 6.167835 -0.003681 0.000880 -0.007931 0.999961
1718263456.9178302 -381.941455 -357.860025 6.269518 -0.004358 0.000857 -0.008484 0.999954
1718263457.0186305 -383.531859 -359.353346 6.358028 -0.004772 0.001476 -0.008671 0.999950
1718263457.114194 -385.011159 -360.837224 6.447491 -0.004685 0.002094 -0.009123 0.999945
1718263457.21712 -386.480208 -362.204175 6.533301 -0.003963 0.002282 -0.009525 0.999944
1718263457.3178036 -388.041397 -363.617501 6.589340 -0.003735 0.002989 -0.009360 0.999945
1718263457.413525 -389.498450 -365.074533 6.691007 -0.003766 0.004595 -0.009275 0.999939
1718263457.5164125 -390.905495 -366.587169 6.759353 -0.003887 0.004177 -0.009132 0.999942
1718263457.6190774 -392.386962 -367.983006 6.842986 -0.003511 0.004439 -0.009088 0.999943
1718263457.7169974 -393.885946 -369.340256 6.950364 -0.003471 0.005512 -0.009250 0.999936
1718263457.812555 -395.436652 -370.828304 7.016859 -0.003536 0.004897 -0.009957 0.999932
1718263457.9163325 -396.994337 -372.347639 7.103730 -0.003120 0.004587 -0.009600 0.999939
1718263458.0172563 -398.537331 -373.747803 7.215340 -0.002613 0.004679 -0.009337 0.999942
1718263458.1129541 -400.166522 -375.216215 7.306588 -0.002615 0.004934 -0.009769 0.999937
1718263458.2186248 -401.618643 -376.640737 7.363324 -0.003576 0.005021 -0.009848 0.999933
1718263458.316056 -403.058292 -378.089682 7.452891 -0.003390 0.005166 -0.010512 0.999926
1718263458.4167273 -404.511366 -379.494525 7.557086 -0.002808 0.005482 -0.010651 0.999924
1718263458.5167634 -405.953560 -380.908588 7.631785 -0.002814 0.005463 -0.011474 0.999915
1718263458.6225677 -407.457434 -382.576130 7.713869 -0.003468 0.005581 -0.012283 0.999903
1718263458.7186115 -408.942432 -383.989865 7.768432 -0.002991 0.005549 -0.013395 0.999890
1718263458.8143795 -410.491636 -385.487922 7.857682 -0.004814 0.005506 -0.014996 0.999861
1718263458.9170146 -412.050414 -386.836717 7.997817 -0.004989 0.005462 -0.016722 0.999833
1718263459.0329013 -413.705913 -388.405493 8.094122 -0.005379 0.005217 -0.018716 0.999797
1718263459.1187348 -415.190886 -389.781813 8.194239 -0.006236 0.005699 -0.019638 0.999771
1718263459.2231133 -416.726202 -391.188321 8.272962 -0.006161 0.005500 -0.020756 0.999750
1718263459.3137739 -418.174421 -392.583728 8.345814 -0.007772 0.005540 -0.022497 0.999701
1718263459.416085 -419.629567 -393.957949 8.391060 -0.007894 0.005160 -0.024214 0.999662
1718263459.5171816 -421.118783 -395.497403 8.527785 -0.007594 0.005799 -0.025891 0.999619
1718263459.618081 -422.613690 -396.861719 8.563755 -0.008559 0.005958 -0.028498 0.999539
1718263459.7189603 -424.156383 -398.217275 8.647911 -0.008558 0.008008 -0.030826 0.999456
1718263459.8174183 -425.617538 -399.676816 8.735641 -0.009318 0.009181 -0.033204 0.999363
1718263459.9283185 -424.919538 -397.697281 8.825270 -0.010156 0.010126 -0.036697 0.999224
1718263460.014053 -423.956387 -395.787302 8.952065 -0.010478 0.011324 -0.040412 0.999064
1718263460.1266453 -423.463901 -393.675839 9.054501 -0.011498 0.011185 -0.044768 0.998869
1718263460.2377644 -423.188023 -391.637726 9.140649 -0.012459 0.010505 -0.049756 0.998628
1718263460.329358 -423.217280 -389.517667 9.248066 -0.014042 0.009720 -0.055223 0.998328
1718263460.4498577 -423.732892 -387.560744 9.316176 -0.015011 0.008370 -0.060493 0.998021
1718263460.5270877 -423.946659 -385.567899 9.372318 -0.015734 0.007911 -0.066256 0.997647
1718263460.6283808 -422.749732 -383.739459 9.467260 -0.016399 0.009136 -0.072384 0.997200
1718263460.736913 -422.705864 -381.657284 9.545216 -0.016705 0.010010 -0.079003 0.996684
1718263460.8292327 -425.159944 -380.611557 9.604496 -0.017541 0.010855 -0.086030 0.996079
1718263460.9267173 -427.703624 -380.520109 9.709401 -0.018231 0.012575 -0.093500 0.995373
1718263461.0227947 -429.246348 -382.842545 9.768868 -0.018328 0.012488 -0.101678 0.994570
1718263461.1199243 -430.837862 -385.318790 9.882695 -0.017764 0.013115 -0.109960 0.993691
1718263461.2267725 -432.382142 -387.744797 9.956158 -0.016231 0.012637 -0.118971 0.992685
1718263461.3178675 -433.870390 -390.220020 10.055278 -0.014882 0.012929 -0.127360 0.991661
1718263461.449186 -435.423421 -392.708736 10.120842 -0.013279 0.012221 -0.136120 0.990528
1718263461.5378127 -436.924413 -395.137026 10.214881 -0.010756 0.012025 -0.145397 0.989242
1718263461.6389875 -438.423765 -397.552754 10.316992 -0.008134 0.012126 -0.153840 0.987988
1718263461.7300012 -439.913429 -400.017689 10.415041 -0.005996 0.011347 -0.162963 0.986549
1718263461.8279414 -441.382346 -402.424534 10.498235 -0.004647 0.010377 -0.171881 0.985052
1718263461.9237003 -442.831610 -404.836708 10.594304 -0.003493 0.009008 -0.181016 0.983433
1718263462.0194855 -444.223481 -407.257081 10.713245 -0.002986 0.008841 -0.190022 0.981736
1718263462.121824 -445.584239 -409.681795 10.807116 -0.003017 0.008019 -0.199441 0.979872
1718263462.222528 -446.970682 -412.057758 10.926166 -0.002859 0.007670 -0.208779 0.977929
1718263462.3183494 -448.300047 -414.468383 11.013191 -0.003091 0.006935 -0.218010 0.975917
1718263462.5263913 -449.635590 -416.886211 11.096503 -0.003433 0.007763 -0.227327 0.973782
1718263462.5566986 -450.937908 -419.290213 11.146705 -0.003625 0.008474 -0.236031 0.971702
1718263462.6019943 -452.212131 -421.686346 11.238428 -0.003133 0.009164 -0.244900 0.969500
1718263462.6019943 -453.473177 -424.124169 11.341053 -0.002333 0.009563 -0.253411 0.967309
1718263463.9263842 -454.704110 -426.504070 11.399208 -0.001218 0.009031 -0.261337 0.965205
1718263463.9620233 -455.890212 -428.945254 11.502520 -0.000148 0.009722 -0.269007 0.963089
1718263463.9872382 -456.986689 -431.387533 11.593262 0.003454 0.007996 -0.274945 0.961420
1718263464.0177896 -458.059212 -433.865702 11.679354 0.006623 0.006965 -0.279794 0.960012
1718263464.0429482 -459.082056 -436.302588 11.758641 0.010222 0.005630 -0.283421 0.958925
1718263464.0732021 -460.059956 -438.780812 11.831181 0.013289 0.004581 -0.286918 0.957852
1718263464.0985332 -460.889639 -441.232579 11.984805 0.015514 0.004279 -0.289911 0.956918
1718263464.1287735 -461.775001 -443.701393 12.075469 0.017551 0.001657 -0.292279 0.956171
1718263464.15902 -462.563003 -446.209999 12.191625 0.019431 -0.000374 -0.295064 0.955280
1718263464.1841865 -463.301851 -448.691197 12.291783 0.020986 -0.002330 -0.297379 0.954526
1718263464.2144144 -463.990887 -451.203069 12.373564 0.021890 -0.003861 -0.299144 0.953949
1718263464.240028 -464.616741 -453.698365 12.419741 0.022560 -0.004302 -0.300869 0.953389
1718263464.2703483 -465.173893 -456.188924 12.514093 0.023341 -0.002251 -0.302005 0.953018
1718263464.2955701 -465.701561 -458.705437 12.590293 0.023511 -0.000547 -0.303056 0.952683
1718263464.3211482 -466.128633 -461.184162 12.639469 0.021992 0.000222 -0.304291 0.952325
1718263464.3412752 -466.498565 -463.712250 12.780783 0.020708 0.002037 -0.305288 0.952033
1718263464.4169376 -466.819241 -466.223556 12.860205 0.019874 0.001216 -0.305403 0.952015
1718263464.5177064 -467.092565 -468.736074 13.005279 0.019177 0.001274 -0.305959 0.951851
1718263464.6239133 -467.293040 -471.282891 13.129392 0.018805 -0.000304 -0.305793 0.951912
1718263464.7163377 -467.381660 -473.777046 13.165798 0.019463 -0.003236 -0.304788 0.952216
1718263464.8182151 -467.382215 -476.277402 13.259522 0.021627 -0.004324 -0.303320 0.952633
1718263464.9395602 -467.330112 -478.771006 13.347708 0.024484 -0.005443 -0.301016 0.953289
1718263465.037763 -467.178150 -481.241682 13.433894 0.027882 -0.005854 -0.297329 0.954350
1718263465.123814 -466.996449 -483.739144 13.522141 0.030344 -0.006999 -0.293896 0.955330
1718263465.2145262 -466.679315 -486.171219 13.644868 0.032122 -0.007701 -0.289353 0.956652
1718263465.311186 -466.289887 -488.609915 13.729671 0.033697 -0.009036 -0.285338 0.957792
1718263465.4185712 -465.872873 -490.998456 13.815851 0.034495 -0.009113 -0.280966 0.959054
1718263465.5196486 -465.404417 -493.396712 13.879143 0.034199 -0.008692 -0.277502 0.960077
1718263465.6173809 -464.831804 -495.750904 13.991706 0.035345 -0.007899 -0.274100 0.961019
1718263465.7333803 -464.201012 -498.103530 14.105013 0.034451 -0.006127 -0.270688 0.962031
1718263465.8596752 -463.500642 -500.401176 14.208061 0.031514 -0.004591 -0.268425 0.962774
1718263465.9488487 -462.726005 -502.662234 14.324115 0.027823 -0.003281 -0.266522 0.963422
1718263466.0196757 -461.868021 -504.884122 14.460152 0.024838 -0.004883 -0.263946 0.964205
1718263466.1230578 -460.952443 -507.108112 14.585298 0.022645 -0.007126 -0.260827 0.965094
1718263466.239082 -459.948644 -509.247787 14.680768 0.020995 -0.008814 -0.257004 0.966142
1718263466.330072 -458.919913 -511.371380 14.777602 0.020390 -0.009789 -0.252221 0.967405
1718263466.4284186 -457.754460 -513.458708 14.904410 0.019551 -0.008729 -0.247336 0.968693
1718263466.5300374 -456.564663 -515.471668 15.016088 0.018537 -0.007044 -0.241808 0.970122
1718263466.6284099 -455.306361 -517.461017 15.130026 0.019130 -0.007415 -0.236541 0.971405
1718263466.7193065 -453.972969 -519.391528 15.222586 0.018572 -0.006601 -0.229635 0.973077
1718263466.820205 -452.604126 -521.251697 15.310998 0.017912 -0.005878 -0.223566 0.974506
1718263466.934613 -451.140697 -523.090865 15.450872 0.018058 -0.005017 -0.216951 0.976003
1718263467.0217528 -449.638591 -524.876400 15.569007 0.016601 -0.004334 -0.210451 0.977454
1718263467.1189508 -448.114374 -526.663923 15.692795 0.014901 -0.003559 -0.203336 0.978989
1718263467.2298527 -446.499604 -528.240057 15.825343 0.012532 -0.004208 -0.196399 0.980435
1718263467.31549 -444.844020 -529.791804 15.967446 0.011249 -0.005319 -0.189321 0.981836
1718263467.4164286 -443.143242 -531.331210 16.085193 0.009972 -0.007036 -0.182148 0.983195
1718263467.5225747 -441.394030 -532.735448 16.189913 0.007793 -0.007066 -0.175501 0.984423
1718263467.6188748 -439.588928 -534.140836 16.286290 0.005744 -0.005016 -0.168389 0.985691
1718263467.724839 -437.774950 -535.498881 16.399300 0.004862 -0.003034 -0.161473 0.986860
1718263467.819301 -435.894799 -536.802964 16.484027 0.002680 -0.002026 -0.154943 0.987918
1718263467.9157217 -433.979296 -538.006455 16.613613 0.000351 -0.000778 -0.148668 0.988887
1718263468.023249 -432.029633 -539.156351 16.754082 -0.001885 -0.000225 -0.143196 0.989693
1718263468.121579 -430.043576 -540.238464 16.887016 -0.003671 -0.000361 -0.138322 0.990380
1718263468.2225263 -428.051991 -541.231201 17.003648 -0.004732 -0.001054 -0.133250 0.991071
1718263468.3142605 -426.067762 -542.195583 17.111681 -0.005979 -0.002185 -0.128756 0.991656
1718263468.4130416 -424.008318 -543.076016 17.218553 -0.006203 -0.002354 -0.124715 0.992170
1718263468.519055 -421.943954 -543.903672 17.316853 -0.006736 -0.001227 -0.120231 0.992722
1718263468.6149497 -419.829983 -544.645275 17.434226 -0.007772 0.000150 -0.115523 0.993274
1718263468.7211678 -417.717636 -545.348864 17.557864 -0.009101 0.001070 -0.112263 0.993636
1718263468.8196518 -415.590140 -545.933967 17.658862 -0.010322 -0.000538 -0.110101 0.993867
1718263468.9270492 -413.439106 -546.442758 17.813441 -0.011953 -0.001271 -0.107534 0.994129
1718263469.0287502 -411.320168 -546.940747 17.939561 -0.013233 -0.002386 -0.105550 0.994323
1718263469.1195843 -409.167484 -547.322591 18.073907 -0.015263 -0.002771 -0.103760 0.994481
1718263469.2177973 -407.004628 -547.678982 18.184811 -0.016237 -0.003735 -0.101927 0.994652
1718263469.3262992 -404.826032 -547.970496 18.302712 -0.016792 -0.004174 -0.101359 0.994699
1718263469.4174764 -402.617803 -548.167517 18.417952 -0.017677 -0.003628 -0.099777 0.994846
1718263469.5403423 -400.398793 -548.325800 18.536748 -0.018070 -0.003108 -0.098188 0.994999
1718263469.6337779 -398.160633 -548.381596 18.678638 -0.018376 -0.002369 -0.097037 0.995108
1718263469.7195766 -395.917533 -548.374662 18.826176 -0.019790 -0.001134 -0.095950 0.995189
1718263469.855659 -393.674955 -548.361183 18.958458 -0.020380 -0.001439 -0.095013 0.995266
1718263469.937947 -391.397249 -548.271853 19.069052 -0.020624 -0.003265 -0.094275 0.995327
1718263470.0240939 -389.116563 -548.083329 19.246338 -0.020675 -0.003877 -0.093478 0.995399
1718263470.1148467 -386.849434 -547.789456 19.352750 -0.021524 -0.004740 -0.093259 0.995398
1718263470.2155313 -384.569096 -547.457996 19.477204 -0.020830 -0.004750 -0.092785 0.995457
1718263470.3192697 -382.356900 -547.035861 19.579370 -0.021337 -0.004708 -0.092210 0.995500
1718263470.4220111 -380.088158 -546.513410 19.708805 -0.021650 -0.003690 -0.091837 0.995532
1718263470.5229092 -377.831546 -545.955597 19.849350 -0.021500 -0.002990 -0.091090 0.995606
1718263470.6188548 -375.576430 -545.261577 19.986274 -0.022615 -0.002602 -0.091405 0.995554
1718263470.7248943 -373.351040 -544.496373 20.118894 -0.024499 -0.002129 -0.091782 0.995475
1718263470.817912 -371.171752 -543.695283 20.233964 -0.026435 -0.001904 -0.093225 0.995292
1718263470.9341307 -369.004443 -542.747944 20.366879 -0.028110 -0.001789 -0.094415 0.995134
1718263471.020073 -366.903161 -541.738653 20.609302 -0.029812 -0.001395 -0.095970 0.994937
1718263471.1187181 -364.805188 -540.612688 20.717548 -0.030466 -0.003701 -0.097809 0.994732
1718263471.2144995 -362.724128 -539.407539 20.887591 -0.031833 -0.004042 -0.099293 0.994541
1718263471.3459165 -360.670624 -538.207055 21.011026 -0.031741 -0.004731 -0.100945 0.994374
1718263471.4183974 -358.672443 -536.884436 21.115123 -0.031451 -0.004469 -0.102374 0.994239
1718263471.519171 -356.751829 -535.481534 21.204765 -0.030379 -0.004637 -0.103862 0.994117
1718263471.6199872 -354.838046 -533.984920 21.394767 -0.029939 -0.002421 -0.104644 0.994056
1718263471.7172568 -352.996334 -532.421069 21.469877 -0.028596 -0.002987 -0.106078 0.993942
1718263471.8182535 -351.188010 -530.853632 21.626584 -0.027530 -0.001436 -0.107174 0.993858
1718263471.9192028 -349.438168 -529.163070 21.841524 -0.026675 -0.000882 -0.108877 0.993697
1718263472.02088 -347.750647 -527.378826 21.953198 -0.024497 -0.003499 -0.110216 0.993600
1718263472.113972 -346.133135 -525.547075 22.069795 -0.022784 -0.004848 -0.111444 0.993498
1718263472.219767 -344.562626 -523.634896 22.198770 -0.021977 -0.006009 -0.112894 0.993346
1718263472.3180125 -343.060170 -521.686300 22.338791 -0.021225 -0.005800 -0.114733 0.993153
1718263472.4364676 -341.621160 -519.634320 22.416444 -0.020900 -0.006918 -0.116504 0.992946
1718263472.5231326 -340.265579 -517.577594 22.580122 -0.020653 -0.005682 -0.118301 0.992747
1718263472.619122 -338.976903 -515.401236 22.729488 -0.020708 -0.005533 -0.120241 0.992513
1718263472.72003 -337.784453 -513.211367 22.874410 -0.021641 -0.005328 -0.122488 0.992220
1718263472.815717 -336.661162 -510.990023 23.037471 -0.022338 -0.005105 -0.124630 0.991939
1718263472.9194815 -335.611991 -508.713546 23.168861 -0.022859 -0.006314 -0.127392 0.991569
1718263473.0158179 -334.651697 -506.388364 23.300467 -0.023317 -0.007207 -0.129269 0.991309
1718263473.1180556 -333.743437 -504.043011 23.449013 -0.024018 -0.006696 -0.131293 0.991030
1718263473.2143373 -332.935417 -501.645481 23.568949 -0.024048 -0.006862 -0.133854 0.990685
1718263473.322731 -332.184703 -499.195171 23.776846 -0.024396 -0.005078 -0.136035 0.990391
1718263473.4184537 -331.481959 -496.729158 23.888887 -0.023714 -0.007727 -0.139365 0.989927
1718263473.5193737 -330.917085 -494.270929 24.032210 -0.022367 -0.007085 -0.141423 0.989671
1718263473.6309562 -330.409618 -491.731852 24.140072 -0.021645 -0.007612 -0.143669 0.989360
1718263473.717114 -330.000636 -489.192179 24.336452 -0.020017 -0.005898 -0.145949 0.989072
1718263473.819334 -329.675750 -486.653536 24.461649 -0.018573 -0.005817 -0.149473 0.988574
1718263473.9203568 -329.468796 -484.044013 24.591965 -0.016922 -0.006125 -0.152112 0.988199
1718263474.0250382 -329.349867 -481.454083 24.737060 -0.015664 -0.006583 -0.154195 0.987894
1718263474.1644242 -329.396755 -478.841742 24.890802 -0.014339 -0.006491 -0.156756 0.987512
1718263474.2431946 -329.545133 -476.247765 25.040881 -0.012802 -0.006116 -0.159362 0.987118
1718263474.313874 -329.769154 -473.639976 25.171717 -0.012039 -0.005730 -0.161611 0.986765
1718263474.4248235 -330.066926 -471.077978 25.280126 -0.011489 -0.005693 -0.164545 0.986286
1718263474.521055 -330.438817 -468.479591 25.429720 -0.011421 -0.004747 -0.166972 0.985884
1718263474.6188633 -330.853644 -465.944465 25.550232 -0.011722 -0.003078 -0.169315 0.985488
1718263474.7157907 -331.392693 -463.423560 25.765547 -0.012892 -0.002438 -0.171876 0.985031
1718263474.8165896 -331.968829 -460.922275 25.941943 -0.012304 -0.003662 -0.175405 0.984413
1718263474.933928 -332.592118 -458.435543 25.971405 -0.011085 -0.009449 -0.181182 0.983342
1718263475.0204794 -333.329509 -455.982576 26.118886 -0.011403 -0.005647 -0.182066 0.983204
1718263475.1177585 -334.030997 -453.534300 26.329585 -0.009245 -0.003719 -0.182920 0.983077
1718263475.2187188 -334.851829 -451.170649 26.411006 -0.007538 -0.002344 -0.186416 0.982439
1718263475.319655 -335.655100 -448.824445 26.548769 -0.007409 -0.002147 -0.190945 0.981570
1718263475.4205081 -336.507422 -446.462425 26.692862 -0.004758 -0.004341 -0.193984 0.980983
1718263475.5184526 -337.358496 -444.147416 26.878076 -0.005989 -0.006965 -0.195378 0.980685
1718263475.6146755 -338.257107 -441.895482 27.057817 -0.006435 -0.009624 -0.198512 0.980030
1718263475.7183855 -339.191142 -439.691709 27.194312 -0.006359 -0.010666 -0.201372 0.979436
1718263475.8148477 -340.094804 -437.481954 27.228056 -0.005696 -0.010642 -0.203903 0.978917
1718263475.9156282 -340.994492 -435.336777 27.372164 -0.004762 -0.006609 -0.205405 0.978643
1718263476.0215569 -341.942113 -433.240197 27.500898 -0.003188 -0.004576 -0.206245 0.978485
1718263476.1173837 -342.817421 -431.156893 27.622274 -0.001492 -0.003672 -0.206706 0.978395
1718263476.2181756 -343.821713 -429.142571 27.773094 -0.001707 -0.003447 -0.206905 0.978353
1718263476.315377 -344.781342 -427.111087 27.935167 -0.002060 -0.003372 -0.207367 0.978255
1718263476.4297287 -345.687315 -425.154209 28.109975 -0.001637 -0.004335 -0.207933 0.978132
1718263476.520507 -346.607809 -423.207748 28.227490 -0.001827 -0.005710 -0.208311 0.978044
1718263476.6162238 -347.529845 -421.286116 28.326774 -0.001047 -0.007038 -0.208699 0.977954
1718263476.7196164 -348.414119 -419.365608 28.469663 -0.001098 -0.006118 -0.209005 0.977895
1718263476.8153133 -349.310575 -417.474678 28.569216 -0.000967 -0.005781 -0.210057 0.977672
1718263476.9176168 -350.225213 -415.582991 28.723424 -0.001008 -0.003878 -0.210685 0.977546
1718263477.0235467 -351.088532 -413.722580 28.837390 -0.001158 -0.003453 -0.211714 0.977325
1718263477.114257 -351.925419 -411.864328 28.981638 -0.001089 -0.002802 -0.212319 0.977196
1718263477.220728 -352.796346 -410.003220 29.156155 -0.001358 -0.002897 -0.213296 0.976982
1718263477.3216465 -353.610247 -408.137145 29.276719 -0.001370 -0.002699 -0.213657 0.976904
1718263477.422699 -354.467066 -406.237578 29.338816 -0.000753 -0.005795 -0.215435 0.976501
1718263477.5289626 -355.324530 -404.363953 29.475792 -0.000869 -0.001881 -0.215136 0.976582
1718263477.6197994 -356.394723 -401.565171 29.569677 0.000771 -0.001436 -0.216243 0.976338
1718263477.7158482 -357.209017 -399.694310 29.641317 0.001207 -0.001614 -0.216801 0.976214
1718263477.8221712 -357.947301 -397.787953 29.829184 0.001981 -0.002535 -0.217343 0.976090
1718263477.9188187 -358.659583 -395.905656 30.008313 0.002232 -0.002602 -0.217697 0.976010
1718263478.0155401 -359.361039 -393.986452 30.127941 0.002849 -0.005777 -0.217869 0.975957
1718263478.1180632 -360.303594 -391.110965 30.263250 0.002596 -0.007234 -0.218608 0.975782
1718263478.224058 -361.183569 -388.272900 30.352703 0.003078 -0.007399 -0.219988 0.975470
1718263478.3152122 -362.005634 -385.426596 30.436731 0.002951 -0.006172 -0.219843 0.975511
1718263478.4234412 -362.777459 -382.537743 30.568792 0.002459 -0.003230 -0.219858 0.975523
1718263478.519408 -363.548158 -379.667097 30.654676 0.001986 -0.001793 -0.219914 0.975516
1718263478.6203861 -364.085207 -377.727167 30.853199 0.002488 -0.000414 -0.219968 0.975504
1718263478.8447354 -364.557919 -375.775018 30.956012 0.000995 -0.001494 -0.219737 0.975557
1718263478.875019 -365.039384 -373.828205 31.115439 0.000747 -0.001177 -0.219044 0.975714
1718263478.9208617 -365.704114 -370.902517 31.243857 0.000819 -0.001889 -0.218670 0.975797
1718263478.9208617 -366.160651 -368.938933 31.315490 0.000685 -0.001986 -0.218493 0.975836
1718263478.9208617 -366.593301 -366.977598 31.412190 0.000776 -0.001326 -0.217691 0.976017
1718263480.2794511 -366.959968 -365.005486 31.596864 0.001739 0.000471 -0.216822 0.976209
1718263480.3207884 -367.352431 -362.995539 31.708991 0.002218 -0.000031 -0.216191 0.976349
1718263480.3511431 -367.703887 -361.010455 31.815874 0.002365 -0.001088 -0.215619 0.976474
1718263480.3867743 -368.020874 -358.970161 31.977582 0.003033 -0.001485 -0.214859 0.976639
1718263480.4170809 -368.305943 -356.930788 32.117880 0.003922 -0.001756 -0.214003 0.976824
1718263480.442676 -368.592040 -354.837355 32.216986 0.004957 -0.002138 -0.213229 0.976987
1718263480.473139 -368.872064 -352.743253 32.299260 0.005525 -0.001752 -0.212234 0.977202
1718263480.5038643 -369.138120 -350.643428 32.375353 0.005775 -0.001217 -0.211251 0.977414
1718263480.5324621 -369.397528 -348.546451 32.503093 0.005622 0.000712 -0.210382 0.977603
1718263480.5576048 -369.601283 -346.398404 32.617549 0.005939 0.001347 -0.209021 0.977892
1718263480.5879452 -369.887710 -344.272237 32.763966 0.006160 0.001965 -0.208139 0.978078
1718263480.6131985 -370.115578 -342.084472 32.838937 0.006002 0.001124 -0.207126 0.978295
1718263480.6434615 -370.351267 -339.916029 32.986096 0.006995 0.001768 -0.205995 0.978526
1718263480.6687503 -370.520060 -337.775225 33.136851 0.007066 0.001798 -0.205401 0.978651
1718263480.6994205 -370.711046 -335.627042 33.178297 0.006433 0.002439 -0.204228 0.978899
1718263480.729672 -370.899435 -333.495642 33.249654 0.005505 0.003426 -0.203909 0.978968
1718263480.8257492 -371.056645 -331.327959 33.467717 0.004838 0.005191 -0.203975 0.978950
1718263480.9293134 -371.196072 -329.171394 33.597269 0.002068 0.005780 -0.204837 0.978777
1718263481.0305216 -371.326044 -327.005908 33.655784 0.002042 0.002917 -0.204275 0.978907
1718263481.128228 -371.460094 -324.845680 33.794156 -0.000722 0.002653 -0.204821 0.978795
1718263481.2312763 -371.602113 -322.723141 33.926845 -0.001341 0.001956 -0.205338 0.978688
1718263481.346571 -371.717458 -320.627770 34.007429 -0.002602 0.003762 -0.205595 0.978626
1718263481.430155 -371.808423 -318.480244 34.092753 -0.003115 0.005284 -0.204888 0.978766
1718263481.5264187 -371.896215 -316.365796 34.246094 -0.003467 0.007553 -0.204941 0.978739
1718263481.618377 -371.983260 -314.237283 34.398761 -0.004669 0.009141 -0.204816 0.978747
1718263481.7196124 -372.063580 -312.133303 34.506832 -0.006739 0.008194 -0.204758 0.978755
1718263481.8155813 -372.109412 -310.015482 34.668843 -0.006503 0.005788 -0.203969 0.978939
1718263481.916406 -372.172048 -307.926654 34.741337 -0.007707 0.005211 -0.203817 0.978965
1718263482.0176177 -372.187749 -305.849355 34.819397 -0.007775 0.005900 -0.203398 0.979047
1718263482.1239831 -372.205169 -303.704874 34.957505 -0.006498 0.007272 -0.203034 0.979123
1718263482.2158685 -372.179396 -301.595352 35.056009 -0.006101 0.008274 -0.202266 0.979277
1718263482.318576 -372.197921 -299.508496 35.113394 -0.006287 0.009675 -0.201124 0.979498
1718263482.420112 -372.195420 -297.372780 35.273959 -0.005004 0.011611 -0.200873 0.979536
1718263482.515863 -372.217170 -295.287314 35.410469 -0.005569 0.011598 -0.200591 0.979591
1718263482.6226237 -372.219122 -293.200858 35.522717 -0.006210 0.010228 -0.200630 0.979594
1718263482.7244477 -372.248305 -291.138356 35.638255 -0.005434 0.008988 -0.200425 0.979653
1718263482.8152394 -372.260524 -289.051966 35.777640 -0.006185 0.009662 -0.200885 0.979548
1718263482.9165509 -372.287267 -286.955798 35.851022 -0.005267 0.007182 -0.201367 0.979475
1718263483.0189514 -372.344287 -284.883579 35.908417 -0.003917 0.007826 -0.201510 0.979447
1718263483.1155453 -372.387516 -282.843106 36.025728 -0.002174 0.007869 -0.201708 0.979412
1718263483.2395627 -372.402376 -280.762530 36.144373 -0.001757 0.007586 -0.201696 0.979417
1718263483.3266919 -372.431364 -278.704668 36.230650 0.000433 0.006753 -0.201791 0.979405
1718263483.4398222 -372.491891 -275.773712 36.351731 0.000897 0.008215 -0.200998 0.979557
1718263483.5310836 -372.517092 -272.865766 36.489021 0.001737 0.009141 -0.200760 0.979596
1718263483.6496477 -372.568849 -270.063600 36.626725 0.002265 0.010559 -0.200679 0.979597
1718263483.7627666 -372.592844 -267.393704 36.715027 0.002182 0.009065 -0.201672 0.979409
1718263483.8590715 -372.637368 -264.786297 36.919295 0.001251 0.009658 -0.202737 0.979185
1718263483.9428785 -372.669729 -262.224785 37.051773 0.001000 0.006786 -0.203717 0.979006
1718263484.0345485 -372.663860 -259.698720 37.117251 0.000246 0.004598 -0.205070 0.978736
1718263484.156838 -372.685261 -257.172011 37.159711 -0.001907 0.003307 -0.206464 0.978447
1718263484.2364671 -372.708388 -254.648899 37.292562 -0.001487 0.005493 -0.206869 0.978352
1718263484.3291621 -372.778018 -252.165852 37.434795 -0.000369 0.008470 -0.207705 0.978155
1718263484.4199746 -372.841217 -249.656344 37.454381 -0.000809 0.009539 -0.208289 0.978020
1718263484.5269125 -372.892525 -247.178162 37.658306 -0.001065 0.010155 -0.209697 0.977713
1718263484.6242733 -372.947680 -244.690876 37.750675 -0.002307 0.009540 -0.210147 0.977621
1718263484.7256014 -373.003452 -242.268080 37.885409 -0.001980 0.008590 -0.211420 0.977355
1718263484.8268268 -373.033440 -239.891913 38.034516 -0.001174 0.008472 -0.212130 0.977204
1718263484.9182742 -373.035244 -237.602364 38.191479 -0.001986 0.008036 -0.213325 0.976946
1718263485.0162168 -373.016368 -235.378907 38.328694 -0.001503 0.006410 -0.213558 0.976908
1718263485.1181967 -373.059873 -233.250396 38.423149 -0.000094 0.004530 -0.214029 0.976817
1718263485.2156353 -373.086190 -231.208796 38.495007 0.001048 0.003566 -0.213845 0.976861
1718263485.3186095 -373.130691 -228.655877 38.613291 0.001472 0.003793 -0.214649 0.976683
1718263485.4250014 -373.162536 -226.297542 38.744544 0.002750 0.004896 -0.214290 0.976754
1718263485.5267506 -373.139717 -224.115362 38.879466 0.003246 0.005579 -0.214335 0.976739
1718263485.62229 -373.027360 -222.103639 39.022685 0.004462 0.006251 -0.214046 0.976793
1718263485.7238915 -372.828893 -219.760411 39.125554 0.003297 0.007226 -0.214905 0.976603
1718263485.8196633 -372.428452 -217.600794 39.264472 0.001738 0.008007 -0.215419 0.976487
1718263485.916419 -371.721168 -215.611473 39.382343 0.001108 0.007566 -0.216314 0.976294
1718263486.0277207 -370.622510 -213.568249 39.518118 0.001353 0.006109 -0.216646 0.976230
1718263486.1190717 -369.271052 -211.901027 39.623231 -0.000303 0.005561 -0.217185 0.976115
1718263486.2197864 -367.718489 -210.599370 39.735043 -0.000630 0.004356 -0.217895 0.975962
1718263486.331224 -365.607014 -209.653393 39.893083 0.000119 0.003763 -0.218404 0.975851
1718263486.426751 -363.581414 -209.369496 39.992347 0.000925 0.003839 -0.218299 0.975874
1718263486.5323732 -361.485023 -209.457291 40.073670 0.002213 0.003805 -0.217529 0.976044
1718263486.6191876 -359.526281 -209.932256 40.217912 0.003804 0.004730 -0.216782 0.976201
1718263486.7201872 -357.500251 -210.219312 40.349813 0.004415 0.004800 -0.215918 0.976390
