1704804082.698698 0.000000 0.000000 0.000000 0.000000 0.000000 0.000000 1.000000
1704804082.952423 -4.564300 2.000000 0.000000 0.000000 0.000000 0.000000 1.000000
1704804083.206147 -9.128600 3.999900 0.000000 0.000000 0.000000 0.000000 1.000000
1704804083.459871 -13.692900 5.999900 0.000000 0.000000 0.000000 0.000000 1.000000
1704804083.713595 -18.257200 7.999900 0.000000 0.000000 0.000000 0.000000 1.000000
1704804083.967319 -22.821500 9.999800 0.000000 0.000000 0.000000 0.000000 1.000000
1704804084.221044 -27.385800 11.999800 0.000000 0.000000 0.000000 0.000000 1.000000
1704804084.474768 -31.223600 14.502900 0.000000 0.000000 0.000000 0.000000 1.000000
1704804084.728492 -35.061500 17.006100 0.000000 0.000000 0.000000 0.000000 1.000000
1704804084.982217 -38.899300 19.509200 0.000000 0.000000 0.000000 0.000000 1.000000
1704804085.235941 -43.212200 21.046500 0.000000 0.000000 0.000000 0.000000 1.000000
1704804085.489665 -47.525100 22.583800 0.000000 0.000000 0.000000 0.000000 1.000000
1704804085.743389 -51.838100 24.121100 0.000000 0.000000 0.000000 0.000000 1.000000
1704804085.997113 -56.151000 25.658400 0.000000 0.000000 0.000000 0.000000 1.000000
1704804086.250838 -60.463900 27.195600 0.000000 0.000000 0.000000 0.000000 1.000000
1704804086.504562 -64.776800 28.732900 0.000000 0.000000 0.000000 0.000000 1.000000
1704804086.758286 -69.089800 30.270200 0.000000 0.000000 0.000000 0.000000 1.000000
1704804087.012011 -73.402700 31.807500 0.000000 0.000000 0.000000 0.000000 1.000000
1704804087.265735 -75.677800 32.865900 0.000000 0.000000 0.000000 0.000000 1.000000
1704804087.519459 -77.953000 33.924300 0.000000 0.000000 0.000000 0.000000 1.000000
1704804087.773183 -81.399900 35.171800 0.000000 0.000000 0.000000 0.000000 1.000000
1704804088.026908 -84.846900 36.419300 0.000000 0.000000 0.000000 0.000000 1.000000
1704804088.280632 -88.735000 37.825000 0.000000 0.000000 0.000000 0.000000 1.000000
1704804088.534356 -92.623100 39.230700 0.000000 0.000000 0.000000 0.000000 1.000000
1704804088.788080 -96.511200 40.636400 0.000000 0.000000 0.000000 0.000000 1.000000
1704804089.041805 -100.399300 42.042100 0.000000 0.000000 0.000000 0.000000 1.000000
1704804089.295529 -104.287400 43.447800 0.000000 0.000000 0.000000 0.000000 1.000000
1704804089.549253 -104.287400 43.447800 0.000000 0.000000 0.000000 0.000000 1.000000
1704804089.802977 -107.052000 44.447300 0.000000 0.000000 0.000000 0.000000 1.000000
1704804090.056702 -111.577000 46.285700 0.000000 0.000000 0.000000 0.000000 1.000000
1704804090.310426 -116.102000 48.124200 0.000000 0.000000 0.000000 0.000000 1.000000
1704804090.564150 -120.626900 49.962600 0.000000 0.000000 0.000000 0.000000 1.000000
1704804090.817874 -125.151900 51.801000 0.000000 0.000000 0.000000 0.000000 1.000000
1704804091.071599 -129.676900 53.639500 0.000000 0.000000 0.000000 0.000000 1.000000
1704804091.325323 -134.201900 55.477900 0.000000 0.000000 0.000000 0.000000 1.000000
1704804091.579047 -138.726900 57.316300 0.000000 0.000000 0.000000 0.000000 1.000000
1704804091.832771 -143.251800 59.154700 0.000000 0.000000 0.000000 0.000000 1.000000
1704804092.086496 -147.776800 60.993200 0.000000 0.000000 0.000000 0.000000 1.000000
1704804092.340220 -152.301800 62.831600 0.000000 0.000000 0.000000 0.000000 1.000000
1704804092.593944 -156.382800 64.489700 0.000000 0.000000 0.000000 0.000000 1.000000
1704804092.847668 -160.463800 66.147700 0.000000 0.000000 0.000000 0.000000 1.000000
1704804093.101393 -164.544800 67.805800 0.000000 0.000000 0.000000 0.000000 1.000000
1704804093.355117 -168.625800 69.463800 0.000000 0.000000 0.000000 0.000000 1.000000
1704804093.608841 -172.706800 71.121900 0.000000 0.000000 0.000000 0.000000 1.000000
1704804093.862565 -176.787800 72.779900 0.000000 0.000000 0.000000 0.000000 1.000000
1704804094.116290 -180.868800 74.438000 0.000000 0.000000 0.000000 0.000000 1.000000
1704804094.370014 -185.413000 76.166400 0.000000 0.000000 0.000000 0.000000 1.000000
1704804094.623738 -189.957200 77.894700 0.000000 0.000000 0.000000 0.000000 1.000000
1704804094.877462 -193.670700 79.307100 0.000000 0.000000 0.000000 0.000000 1.000000
1704804095.131187 -197.384200 80.719500 0.000000 0.000000 0.000000 0.000000 1.000000
1704804095.384911 -203.173700 82.981100 0.000000 0.000000 0.000000 0.000000 1.000000
1704804095.638635 -207.106300 84.536300 0.000000 0.000000 0.000000 0.000000 1.000000
1704804095.892359 -211.038900 86.091600 0.000000 0.000000 0.000000 0.000000 1.000000
1704804096.146084 -211.038900 86.091600 0.000000 0.000000 0.000000 0.000000 1.000000
1704804096.399808 -214.963700 87.643800 0.000000 0.000000 0.000000 0.000000 1.000000
1704804096.653532 -219.232800 89.332200 0.000000 0.000000 0.000000 0.000000 1.000000
1704804096.907256 -223.502000 91.020500 0.000000 0.000000 0.000000 0.000000 1.000000
1704804097.160981 -228.022600 92.854300 0.000000 0.000000 0.000000 0.000000 1.000000
1704804097.414705 -232.543100 94.688100 0.000000 0.000000 0.000000 0.000000 1.000000
1704804097.668429 -237.063700 96.521800 0.000000 0.000000 0.000000 0.000000 1.000000
1704804097.922153 -241.584200 98.355600 0.000000 0.000000 0.000000 0.000000 1.000000
1704804098.175878 -246.104800 100.189400 0.000000 0.000000 0.000000 0.000000 1.000000
1704804098.429602 -250.183600 102.163000 0.000000 0.000000 0.000000 0.000000 1.000000
1704804098.683326 -254.262300 104.136600 0.000000 0.000000 0.000000 0.000000 1.000000
1704804098.937050 -258.341100 106.110200 0.000000 0.000000 0.000000 0.000000 1.000000
1704804099.190775 -262.419800 108.083800 0.000000 0.000000 0.000000 0.000000 1.000000
1704804099.444499 -266.498600 110.057400 0.000000 0.000000 0.000000 0.000000 1.000000
1704804099.698223 -270.069800 111.866500 0.000000 0.000000 0.000000 0.000000 1.000000
1704804099.951947 -273.641100 113.675600 0.000000 0.000000 0.000000 0.000000 1.000000
1704804100.205672 -277.212300 115.484700 0.000000 0.000000 0.000000 0.000000 1.000000
1704804100.459396 -280.783600 117.293800 0.000000 0.000000 0.000000 0.000000 1.000000
1704804100.713120 -280.783600 117.293800 0.000000 0.000000 0.000000 0.000000 1.000000
1704804100.966844 -284.222900 119.112700 0.000000 0.000000 0.000000 0.000000 1.000000
1704804101.220569 -288.437600 121.341700 0.000000 0.000000 0.000000 0.000000 1.000000
1704804101.474293 -292.652400 123.570700 0.000000 0.000000 0.000000 0.000000 1.000000
1704804101.728017 -296.867100 125.799600 0.000000 0.000000 0.000000 0.000000 1.000000
1704804101.981741 -301.081900 128.028600 0.000000 0.000000 0.000000 0.000000 1.000000
1704804102.235466 -305.288000 129.962900 0.000000 0.000000 0.000000 0.000000 1.000000
1704804102.489190 -309.494100 131.897100 0.000000 0.000000 0.000000 0.000000 1.000000
1704804102.742914 -313.700200 133.831400 0.000000 0.000000 0.000000 0.000000 1.000000
1704804102.996639 -317.481600 135.494400 0.000000 0.000000 0.000000 0.000000 1.000000
1704804103.250363 -321.263000 137.157400 0.000000 0.000000 0.000000 0.000000 1.000000
1704804103.504087 -325.044500 138.820500 0.000000 0.000000 0.000000 0.000000 1.000000
1704804103.757811 -328.825900 140.483500 0.000000 0.000000 0.000000 0.000000 1.000000
1704804104.011535 -332.607300 142.146500 0.000000 0.000000 0.000000 0.000000 1.000000
1704804104.265260 -337.010200 143.795000 0.000000 0.000000 0.000000 0.000000 1.000000
1704804104.518984 -341.413000 145.443500 0.000000 0.000000 0.000000 0.000000 1.000000
1704804104.772708 -345.815900 147.092000 0.000000 0.000000 0.000000 0.000000 1.000000
1704804105.026433 -349.923200 147.992100 0.000000 0.000000 0.000000 0.000000 1.000000
1704804105.280157 -354.030400 148.892200 0.000000 0.000000 0.000000 0.000000 1.000000
1704804105.533881 -358.137700 149.792200 0.000000 0.000000 0.000000 0.000000 1.000000
1704804105.787605 -362.245000 150.692300 0.000000 0.000000 0.000000 0.000000 1.000000
1704804106.041329 -366.721200 152.561600 0.000000 0.000000 0.000000 0.000000 1.000000
1704804106.295054 -371.197300 154.430900 0.000000 0.000000 0.000000 0.000000 1.000000
1704804106.548778 -375.673500 156.300100 0.000000 0.000000 0.000000 0.000000 1.000000
1704804106.802502 -380.149600 158.169400 0.000000 0.000000 0.000000 0.000000 1.000000
1704804107.056226 -384.625800 160.038700 0.000000 0.000000 0.000000 0.000000 1.000000
1704804107.309951 -391.749100 163.013400 0.000000 0.000000 0.000000 0.000000 1.000000
1704804107.563675 -396.255400 164.895300 0.000000 0.000000 0.000000 0.000000 1.000000
1704804107.817399 -400.761800 166.777100 0.000000 0.000000 0.000000 0.000000 1.000000
1704804108.071123 -405.268200 168.659000 0.000000 0.000000 0.000000 0.000000 1.000000
1704804108.324848 -409.774600 170.540900 0.000000 0.000000 0.000000 0.000000 1.000000
1704804108.578572 -414.280900 172.422800 0.000000 0.000000 0.000000 0.000000 1.000000
1704804108.832296 -418.787300 174.304600 0.000000 0.000000 0.000000 0.000000 1.000000
1704804109.086020 -423.293700 176.186500 0.000000 0.000000 0.000000 0.000000 1.000000
1704804109.339745 -427.800100 178.068400 0.000000 0.000000 0.000000 0.000000 1.000000
1704804109.593469 -432.306400 179.950300 0.000000 0.000000 0.000000 0.000000 1.000000
1704804109.847193 -436.812800 181.832100 0.000000 0.000000 0.000000 0.000000 1.000000
1704804110.100918 -441.319200 183.714000 0.000000 0.000000 0.000000 0.000000 1.000000
1704804110.354642 -445.825600 185.595900 0.000000 0.000000 0.000000 0.000000 1.000000
1704804110.608366 -450.331900 187.477800 0.000000 0.000000 0.000000 0.000000 1.000000
1704804110.862090 -454.838300 189.359600 0.000000 0.000000 0.000000 0.000000 1.000000
1704804111.115814 -459.344700 191.241500 0.000000 0.000000 0.000000 0.000000 1.000000
1704804111.369539 -463.851100 193.123400 0.000000 0.000000 0.000000 0.000000 1.000000
1704804111.623263 -468.357400 195.005300 0.000000 0.000000 0.000000 0.000000 1.000000
1704804111.876987 -472.863800 196.887100 0.000000 0.000000 0.000000 0.000000 1.000000
1704804112.130712 -477.370200 198.769000 0.000000 0.000000 0.000000 0.000000 1.000000
1704804112.384436 -481.876600 200.650900 0.000000 0.000000 0.000000 0.000000 1.000000
1704804112.638160 -486.382900 202.532800 0.000000 0.000000 0.000000 0.000000 1.000000
1704804112.891884 -490.889300 204.414600 0.000000 0.000000 0.000000 0.000000 1.000000
1704804113.145608 -495.395700 206.296500 0.000000 0.000000 0.000000 0.000000 1.000000
1704804113.399333 -499.951500 208.338500 0.000000 0.000000 0.000000 0.000000 1.000000
1704804113.653057 -504.507300 210.380500 0.000000 0.000000 0.000000 0.000000 1.000000
1704804113.906781 -509.063100 212.422500 0.000000 0.000000 0.000000 0.000000 1.000000
1704804114.160506 -513.618900 214.464500 0.000000 0.000000 0.000000 0.000000 1.000000
1704804114.414230 -518.174700 216.506500 0.000000 0.000000 0.000000 0.000000 1.000000
1704804114.667954 -521.748300 218.451200 0.000000 0.000000 0.000000 0.000000 1.000000
1704804114.921678 -525.322000 220.396000 0.000000 0.000000 0.000000 0.000000 1.000000
1704804115.175402 -528.895600 222.340700 0.000000 0.000000 0.000000 0.000000 1.000000
1704804115.429127 -532.469300 224.285500 0.000000 0.000000 0.000000 0.000000 1.000000
1704804115.682851 -536.042900 226.230200 0.000000 0.000000 0.000000 0.000000 1.000000
1704804115.936575 -539.594700 228.099600 0.000000 0.000000 0.000000 0.000000 1.000000
1704804116.190300 -543.146500 229.969000 0.000000 0.000000 0.000000 0.000000 1.000000
1704804116.444024 -546.698300 231.838400 0.000000 0.000000 0.000000 0.000000 1.000000
1704804116.697748 -549.782800 233.520800 0.000000 0.000000 0.000000 0.000000 1.000000
1704804116.951472 -552.867200 235.203300 0.000000 0.000000 0.000000 0.000000 1.000000
1704804117.205197 -555.951700 236.885700 0.000000 0.000000 0.000000 0.000000 1.000000
1704804117.458921 -559.189100 239.075300 0.000000 0.000000 0.000000 0.000000 1.000000
1704804117.712645 -562.426400 241.264900 0.000000 0.000000 0.000000 0.000000 1.000000
1704804117.966369 -565.663800 243.454400 0.000000 0.000000 0.000000 0.000000 1.000000
1704804118.220093 -568.901200 245.644000 0.000000 0.000000 0.000000 0.000000 1.000000
1704804118.473818 -571.272400 248.839900 0.000000 0.000000 0.000000 0.000000 1.000000
1704804118.727542 -573.643600 252.035800 0.000000 0.000000 0.000000 0.000000 1.000000
1704804118.981266 -578.137500 253.818400 0.000000 0.000000 0.000000 0.000000 1.000000
1704804119.234991 -582.631400 255.601000 0.000000 0.000000 0.000000 0.000000 1.000000
1704804119.488715 -587.125300 257.383600 0.000000 0.000000 0.000000 0.000000 1.000000
1704804119.742439 -591.619100 259.166300 0.000000 0.000000 0.000000 0.000000 1.000000
1704804119.996163 -596.113000 260.948900 0.000000 0.000000 0.000000 0.000000 1.000000
1704804120.249887 -600.606900 262.731500 0.000000 0.000000 0.000000 0.000000 1.000000
1704804120.503612 -605.100800 264.514100 0.000000 0.000000 0.000000 0.000000 1.000000
1704804120.757336 -608.343300 265.840600 0.000000 0.000000 0.000000 0.000000 1.000000
1704804121.011060 -611.585800 267.167000 0.000000 0.000000 0.000000 0.000000 1.000000
1704804121.264785 -614.298300 268.283700 0.000000 0.000000 0.000000 0.000000 1.000000
1704804121.518509 -617.010900 269.400400 0.000000 0.000000 0.000000 0.000000 1.000000
1704804121.772233 -621.552400 271.221200 0.000000 0.000000 0.000000 0.000000 1.000000
1704804122.025957 -626.094000 273.041900 0.000000 0.000000 0.000000 0.000000 1.000000
1704804122.279681 -630.635500 274.862700 0.000000 0.000000 0.000000 0.000000 1.000000
1704804122.533406 -635.177000 276.683400 0.000000 0.000000 0.000000 0.000000 1.000000
1704804122.787130 -639.718500 278.504200 0.000000 0.000000 0.000000 0.000000 1.000000
1704804123.040854 -644.260100 280.325000 0.000000 0.000000 0.000000 0.000000 1.000000
1704804123.294579 -648.801600 282.145700 0.000000 0.000000 0.000000 0.000000 1.000000
1704804123.548303 -653.343100 283.966500 0.000000 0.000000 0.000000 0.000000 1.000000
1704804123.802027 -657.884700 285.787200 0.000000 0.000000 0.000000 0.000000 1.000000
1704804124.055751 -662.426200 287.608000 0.000000 0.000000 0.000000 0.000000 1.000000
1704804124.309476 -667.006100 289.598500 0.000000 0.000000 0.000000 0.000000 1.000000
1704804124.563200 -671.340500 291.482500 0.000000 0.000000 0.000000 0.000000 1.000000
1704804124.816924 -675.674900 293.366500 0.000000 0.000000 0.000000 0.000000 1.000000
1704804125.070648 -680.009300 295.250500 0.000000 0.000000 0.000000 0.000000 1.000000
1704804125.324373 -684.343800 297.134500 0.000000 0.000000 0.000000 0.000000 1.000000
1704804125.578097 -688.678200 299.018500 0.000000 0.000000 0.000000 0.000000 1.000000
1704804125.831821 -693.012600 300.902500 0.000000 0.000000 0.000000 0.000000 1.000000
1704804126.085545 -697.347000 302.786500 0.000000 0.000000 0.000000 0.000000 1.000000
1704804126.339270 -701.681400 304.670500 0.000000 0.000000 0.000000 0.000000 1.000000
1704804126.592994 -706.015800 306.554500 0.000000 0.000000 0.000000 0.000000 1.000000
1704804126.846718 -710.350200 308.438500 0.000000 0.000000 0.000000 0.000000 1.000000
1704804127.100442 -714.684600 310.322500 0.000000 0.000000 0.000000 0.000000 1.000000
1704804127.354167 -719.019100 312.206500 0.000000 0.000000 0.000000 0.000000 1.000000
1704804127.607891 -723.353500 314.090500 0.000000 0.000000 0.000000 0.000000 1.000000
1704804127.861615 -727.687900 315.974500 0.000000 0.000000 0.000000 0.000000 1.000000
1704804128.115339 -732.022300 317.858500 0.000000 0.000000 0.000000 0.000000 1.000000
1704804128.369064 -736.356700 319.742500 0.000000 0.000000 0.000000 0.000000 1.000000
1704804128.622788 -741.297500 321.890300 0.000000 0.000000 0.000000 0.000000 1.000000
1704804128.876512 -745.222800 323.596500 0.000000 0.000000 0.000000 0.000000 1.000000
1704804129.130236 -749.148000 325.302800 0.000000 0.000000 0.000000 0.000000 1.000000
1704804129.383960 -753.073200 327.009000 0.000000 0.000000 0.000000 0.000000 1.000000
1704804129.637685 -756.998500 328.715300 0.000000 0.000000 0.000000 0.000000 1.000000
1704804129.891409 -760.923700 330.421500 0.000000 0.000000 0.000000 0.000000 1.000000
1704804130.145133 -765.506000 332.413500 0.000000 0.000000 0.000000 0.000000 1.000000
1704804130.398858 -770.088400 334.405500 0.000000 0.000000 0.000000 0.000000 1.000000
1704804130.652582 -774.670700 336.397500 0.000000 0.000000 0.000000 0.000000 1.000000
1704804130.906306 -779.253000 338.389500 0.000000 0.000000 0.000000 0.000000 1.000000
1704804131.160030 -783.835400 340.381500 0.000000 0.000000 0.000000 0.000000 1.000000
1704804131.413755 -788.417700 342.373500 0.000000 0.000000 0.000000 0.000000 1.000000
1704804131.667479 -793.000000 344.365500 0.000000 0.000000 0.000000 0.000000 1.000000
1704804131.921203 -797.582400 346.357500 0.000000 0.000000 0.000000 0.000000 1.000000
1704804132.174927 -802.164700 348.349500 0.000000 0.000000 0.000000 0.000000 1.000000
1704804132.428652 -806.747000 350.341500 0.000000 0.000000 0.000000 0.000000 1.000000
1704804132.682376 -811.329400 352.333500 0.000000 0.000000 0.000000 0.000000 1.000000
1704804132.936100 -815.911700 354.325500 0.000000 0.000000 0.000000 0.000000 1.000000
1704804133.189824 -820.494000 356.317500 0.000000 0.000000 0.000000 0.000000 1.000000
1704804133.443549 -825.076400 358.309500 0.000000 0.000000 0.000000 0.000000 1.000000
1704804133.697273 -829.658700 360.301500 0.000000 0.000000 0.000000 0.000000 1.000000
1704804133.950997 -834.140200 362.073100 0.000000 0.000000 0.000000 0.000000 1.000000
1704804134.204721 -838.621700 363.844800 0.000000 0.000000 0.000000 0.000000 1.000000
1704804134.458446 -843.103200 365.616400 0.000000 0.000000 0.000000 0.000000 1.000000
1704804134.712170 -847.584700 367.388000 0.000000 0.000000 0.000000 0.000000 1.000000
1704804134.965894 -852.066200 369.159600 0.000000 0.000000 0.000000 0.000000 1.000000
1704804135.219618 -856.547700 370.931300 0.000000 0.000000 0.000000 0.000000 1.000000
1704804135.473343 -861.029200 372.702900 0.000000 0.000000 0.000000 0.000000 1.000000
1704804135.727067 -865.510700 374.474500 0.000000 0.000000 0.000000 0.000000 1.000000
1704804135.980791 -869.668400 376.372500 0.000000 0.000000 0.000000 0.000000 1.000000
1704804136.234515 -873.826200 378.270500 0.000000 0.000000 0.000000 0.000000 1.000000
1704804136.488240 -877.983900 380.168500 0.000000 0.000000 0.000000 0.000000 1.000000
1704804136.741964 -882.141700 382.066500 0.000000 0.000000 0.000000 0.000000 1.000000
1704804136.995688 -886.299400 383.964500 0.000000 0.000000 0.000000 0.000000 1.000000
1704804137.249412 -890.457200 385.862500 0.000000 0.000000 0.000000 0.000000 1.000000
1704804137.503137 -894.614900 387.760500 0.000000 0.000000 0.000000 0.000000 1.000000
1704804137.756861 -898.772700 389.658500 0.000000 0.000000 0.000000 0.000000 1.000000
1704804138.010585 -903.065200 391.708100 0.000000 0.000000 0.000000 0.000000 1.000000
1704804138.264309 -907.357700 393.757700 0.000000 0.000000 0.000000 0.000000 1.000000
1704804138.518034 -911.650200 395.807300 0.000000 0.000000 0.000000 0.000000 1.000000
1704804138.771758 -915.942700 397.856800 0.000000 0.000000 0.000000 0.000000 1.000000
1704804139.025482 -920.235200 399.906400 0.000000 0.000000 0.000000 0.000000 1.000000
1704804139.279207 -924.527700 401.956000 0.000000 0.000000 0.000000 0.000000 1.000000
1704804139.532931 -928.820200 404.005600 0.000000 0.000000 0.000000 0.000000 1.000000
1704804139.786655 -933.112700 406.055200 0.000000 0.000000 0.000000 0.000000 1.000000
1704804140.040379 -937.405200 408.104800 0.000000 0.000000 0.000000 0.000000 1.000000
1704804140.294103 -941.697700 410.154300 0.000000 0.000000 0.000000 0.000000 1.000000
1704804140.547828 -945.990200 412.203900 0.000000 0.000000 0.000000 0.000000 1.000000
1704804140.801552 -950.282700 414.253500 0.000000 0.000000 0.000000 0.000000 1.000000
1704804141.055276 -954.338900 416.631700 0.000000 0.000000 0.000000 0.000000 1.000000
1704804141.309000 -958.395200 419.010000 0.000000 0.000000 0.000000 0.000000 1.000000
1704804141.562725 -962.451400 421.388200 0.000000 0.000000 0.000000 0.000000 1.000000
1704804141.816449 -966.507600 423.766400 0.000000 0.000000 0.000000 0.000000 1.000000
1704804142.070173 -970.563900 426.144700 0.000000 0.000000 0.000000 0.000000 1.000000
1704804142.323897 -974.620100 428.522900 0.000000 0.000000 0.000000 0.000000 1.000000
1704804142.577622 -978.676300 430.901100 0.000000 0.000000 0.000000 0.000000 1.000000
1704804142.831346 -982.732500 433.279300 0.000000 0.000000 0.000000 0.000000 1.000000
1704804143.085070 -986.788800 435.657600 0.000000 0.000000 0.000000 0.000000 1.000000
1704804143.338794 -990.845000 438.035800 0.000000 0.000000 0.000000 0.000000 1.000000
1704804143.592519 -994.901200 440.414000 0.000000 0.000000 0.000000 0.000000 1.000000
1704804143.846243 -998.957500 442.792300 0.000000 0.000000 0.000000 0.000000 1.000000
1704804144.099967 -1003.013700 445.170500 0.000000 0.000000 0.000000 0.000000 1.000000
1704804144.353691 -1007.260300 447.769600 0.000000 0.000000 0.000000 0.000000 1.000000
1704804144.607416 -1011.506900 450.368700 0.000000 0.000000 0.000000 0.000000 1.000000
1704804144.861140 -1015.753500 452.967700 0.000000 0.000000 0.000000 0.000000 1.000000
1704804145.114864 -1020.000200 455.566800 0.000000 0.000000 0.000000 0.000000 1.000000
1704804145.368588 -1024.246800 458.165900 0.000000 0.000000 0.000000 0.000000 1.000000
1704804145.622313 -1028.493400 460.765000 0.000000 0.000000 0.000000 0.000000 1.000000
1704804145.876037 -1032.740000 463.364000 0.000000 0.000000 0.000000 0.000000 1.000000
1704804146.129761 -1036.986600 465.963100 0.000000 0.000000 0.000000 0.000000 1.000000
1704804146.383486 -1041.233200 468.562200 0.000000 0.000000 0.000000 0.000000 1.000000
1704804146.637210 -1045.479900 471.161300 0.000000 0.000000 0.000000 0.000000 1.000000
1704804146.890934 -1049.726500 473.760300 0.000000 0.000000 0.000000 0.000000 1.000000
1704804147.144658 -1053.973100 476.359400 0.000000 0.000000 0.000000 0.000000 1.000000
1704804147.398382 -1058.219700 478.958500 0.000000 0.000000 0.000000 0.000000 1.000000
1704804147.652107 -1061.705200 481.690800 0.000000 0.000000 0.000000 0.000000 1.000000
1704804147.905831 -1065.190700 484.423200 0.000000 0.000000 0.000000 0.000000 1.000000
1704804148.159555 -1068.676200 487.155500 0.000000 0.000000 0.000000 0.000000 1.000000
1704804148.413280 -1072.161700 489.887800 0.000000 0.000000 0.000000 0.000000 1.000000
1704804148.667004 -1075.647200 492.620200 0.000000 0.000000 0.000000 0.000000 1.000000
1704804148.920728 -1079.132700 495.352500 0.000000 0.000000 0.000000 0.000000 1.000000
1704804149.174452 -1082.782600 498.517500 0.000000 0.000000 0.000000 0.000000 1.000000
1704804149.428176 -1086.432400 501.682500 0.000000 0.000000 0.000000 0.000000 1.000000
1704804149.681901 -1090.082300 504.847500 0.000000 0.000000 0.000000 0.000000 1.000000
1704804149.935625 -1093.732100 508.012500 0.000000 0.000000 0.000000 0.000000 1.000000
1704804150.189349 -1097.382000 511.177500 0.000000 0.000000 0.000000 0.000000 1.000000
1704804150.443074 -1101.031800 514.342500 0.000000 0.000000 0.000000 0.000000 1.000000
1704804150.696798 -1104.681700 517.507500 0.000000 0.000000 0.000000 0.000000 1.000000
1704804150.950522 -1107.248700 519.650200 0.000000 0.000000 0.000000 0.000000 1.000000
1704804151.204246 -1109.815600 521.792900 0.000000 0.000000 0.000000 0.000000 1.000000
1704804151.457971 -1112.382600 523.935600 0.000000 0.000000 0.000000 0.000000 1.000000
1704804151.711695 -1114.966600 526.092600 0.000000 0.000000 0.000000 0.000000 1.000000
1704804151.965419 -1117.550700 528.249500 0.000000 0.000000 0.000000 0.000000 1.000000
1704804152.219143 -1117.550700 528.249500 0.000000 0.000000 0.000000 0.000000 1.000000
1704804152.472867 -1119.730400 530.080900 0.000000 0.000000 0.000000 0.000000 1.000000
1704804152.726592 -1122.846200 532.698800 0.000000 0.000000 0.000000 0.000000 1.000000
1704804152.980316 -1125.962000 535.316700 0.000000 0.000000 0.000000 0.000000 1.000000
1704804153.234040 -1129.077900 537.934600 0.000000 0.000000 0.000000 0.000000 1.000000
1704804153.487765 -1132.193700 540.552500 0.000000 0.000000 0.000000 0.000000 1.000000
1704804153.741489 -1135.770400 543.819700 0.000000 0.000000 0.000000 0.000000 1.000000
1704804153.995213 -1139.347200 547.086800 0.000000 0.000000 0.000000 0.000000 1.000000
1704804154.248937 -1142.943800 550.372100 0.000000 0.000000 0.000000 0.000000 1.000000
1704804154.502661 -1146.540400 553.657400 0.000000 0.000000 0.000000 0.000000 1.000000
1704804154.756386 -1150.136900 556.942700 0.000000 0.000000 0.000000 0.000000 1.000000
1704804155.010110 -1153.733500 560.227900 0.000000 0.000000 0.000000 0.000000 1.000000
1704804155.263834 -1157.330100 563.513200 0.000000 0.000000 0.000000 0.000000 1.000000
1704804155.517559 -1160.926700 566.798500 0.000000 0.000000 0.000000 0.000000 1.000000
1704804155.771283 -1164.177800 569.956200 0.000000 0.000000 0.000000 0.000000 1.000000
1704804156.025007 -1167.428900 573.113900 0.000000 0.000000 0.000000 0.000000 1.000000
1704804156.278731 -1170.680000 576.271600 0.000000 0.000000 0.000000 0.000000 1.000000
1704804156.532455 -1173.931100 579.429300 0.000000 0.000000 0.000000 0.000000 1.000000
1704804156.786180 -1177.182200 582.587000 0.000000 0.000000 0.000000 0.000000 1.000000
1704804157.039904 -1180.433300 585.744700 0.000000 0.000000 0.000000 0.000000 1.000000
1704804157.293628 -1183.684400 588.902400 0.000000 0.000000 0.000000 0.000000 1.000000
1704804157.547353 -1186.935500 592.060100 0.000000 0.000000 0.000000 0.000000 1.000000
1704804157.801077 -1190.186600 595.217800 0.000000 0.000000 0.000000 0.000000 1.000000
1704804158.054801 -1193.437700 598.375500 0.000000 0.000000 0.000000 0.000000 1.000000
1704804158.308525 -1196.764700 601.793500 0.000000 0.000000 0.000000 0.000000 1.000000
1704804158.562250 -1200.091700 605.211500 0.000000 0.000000 0.000000 0.000000 1.000000
1704804158.815974 -1203.418700 608.629500 0.000000 0.000000 0.000000 0.000000 1.000000
1704804159.069698 -1206.745700 612.047500 0.000000 0.000000 0.000000 0.000000 1.000000
1704804159.323422 -1210.072700 615.465500 0.000000 0.000000 0.000000 0.000000 1.000000
1704804159.577147 -1213.399700 618.883500 0.000000 0.000000 0.000000 0.000000 1.000000
1704804159.830871 -1216.726700 622.301500 0.000000 0.000000 0.000000 0.000000 1.000000
1704804160.084595 -1219.198700 624.845500 0.000000 0.000000 0.000000 0.000000 1.000000
1704804160.338319 -1221.670700 627.389500 0.000000 0.000000 0.000000 0.000000 1.000000
1704804160.592044 -1224.142700 629.933500 0.000000 0.000000 0.000000 0.000000 1.000000
1704804160.845768 -1227.255900 633.635900 0.000000 0.000000 0.000000 0.000000 1.000000
1704804161.099492 -1230.369100 637.338300 0.000000 0.000000 0.000000 0.000000 1.000000
1704804161.353216 -1233.482300 641.040700 0.000000 0.000000 0.000000 0.000000 1.000000
1704804161.606941 -1236.595500 644.743100 0.000000 0.000000 0.000000 0.000000 1.000000
1704804161.860665 -1239.708700 648.445500 0.000000 0.000000 0.000000 0.000000 1.000000
1704804162.114389 -1242.699300 652.271000 0.000000 0.000000 0.000000 0.000000 1.000000
1704804162.368113 -1245.689900 656.096500 0.000000 0.000000 0.000000 0.000000 1.000000
1704804162.621838 -1248.680500 659.922100 0.000000 0.000000 0.000000 0.000000 1.000000
1704804162.875562 -1251.671100 663.747600 0.000000 0.000000 0.000000 0.000000 1.000000
1704804163.129286 -1254.661700 667.573100 0.000000 0.000000 0.000000 0.000000 1.000000
1704804163.383010 -1257.016500 670.735300 0.000000 0.000000 0.000000 0.000000 1.000000
1704804163.636734 -1259.371300 673.897600 0.000000 0.000000 0.000000 0.000000 1.000000
1704804163.890459 -1261.726200 677.059800 0.000000 0.000000 0.000000 0.000000 1.000000
1704804164.144183 -1264.081000 680.222000 0.000000 0.000000 0.000000 0.000000 1.000000
1704804164.397907 -1266.413400 682.823500 0.000000 0.000000 0.000000 0.000000 1.000000
1704804164.651632 -1268.745900 685.425100 0.000000 0.000000 0.000000 0.000000 1.000000
1704804164.905356 -1271.078300 688.026600 0.000000 0.000000 0.000000 0.000000 1.000000
1704804165.159080 -1273.634900 689.506800 0.000000 0.000000 0.000000 0.000000 1.000000
1704804165.412804 -1276.191600 690.986900 0.000000 0.000000 0.000000 0.000000 1.000000
1704804165.666529 -1278.847700 695.166200 0.000000 0.000000 0.000000 0.000000 1.000000
1704804165.920253 -1281.503800 699.345500 0.000000 0.000000 0.000000 0.000000 1.000000
1704804166.173977 -1284.159900 703.524800 0.000000 0.000000 0.000000 0.000000 1.000000
1704804166.427701 -1286.816000 707.704100 0.000000 0.000000 0.000000 0.000000 1.000000
1704804166.681426 -1289.472100 711.883400 0.000000 0.000000 0.000000 0.000000 1.000000
1704804166.935150 -1292.128100 716.062700 0.000000 0.000000 0.000000 0.000000 1.000000
1704804167.188874 -1294.784200 720.242000 0.000000 0.000000 0.000000 0.000000 1.000000
1704804167.442598 -1297.440300 724.421300 0.000000 0.000000 0.000000 0.000000 1.000000
1704804167.696323 -1300.096400 728.600600 0.000000 0.000000 0.000000 0.000000 1.000000
1704804167.950047 -1302.752500 732.779900 0.000000 0.000000 0.000000 0.000000 1.000000
1704804168.203771 -1305.408600 736.959200 0.000000 0.000000 0.000000 0.000000 1.000000
1704804168.457495 -1308.064700 741.138500 0.000000 0.000000 0.000000 0.000000 1.000000
1704804168.711220 -1310.397600 745.039700 0.000000 0.000000 0.000000 0.000000 1.000000
1704804168.964944 -1312.730500 748.940900 0.000000 0.000000 0.000000 0.000000 1.000000
1704804169.218668 -1315.063400 752.842200 0.000000 0.000000 0.000000 0.000000 1.000000
1704804169.472392 -1317.396300 756.743400 0.000000 0.000000 0.000000 0.000000 1.000000
1704804169.726117 -1319.729100 760.644600 0.000000 0.000000 0.000000 0.000000 1.000000
1704804169.979841 -1322.062000 764.545800 0.000000 0.000000 0.000000 0.000000 1.000000
1704804170.233565 -1324.394900 768.447100 0.000000 0.000000 0.000000 0.000000 1.000000
1704804170.487289 -1326.727800 772.348300 0.000000 0.000000 0.000000 0.000000 1.000000
1704804170.741014 -1329.060700 776.249500 0.000000 0.000000 0.000000 0.000000 1.000000
1704804170.994738 -1329.060700 776.249500 0.000000 0.000000 0.000000 0.000000 1.000000
1704804171.248462 -1330.818300 779.205300 0.000000 0.000000 0.000000 0.000000 1.000000
1704804171.502186 -1332.802800 782.542700 0.000000 0.000000 0.000000 0.000000 1.000000
1704804171.755911 -1334.787200 785.880100 0.000000 0.000000 0.000000 0.000000 1.000000
1704804172.009635 -1336.771700 789.217500 0.000000 0.000000 0.000000 0.000000 1.000000
1704804172.263359 -1339.160200 793.592200 0.000000 0.000000 0.000000 0.000000 1.000000
1704804172.517083 -1341.548700 797.966800 0.000000 0.000000 0.000000 0.000000 1.000000
1704804172.770808 -1343.937200 802.341500 0.000000 0.000000 0.000000 0.000000 1.000000
1704804173.024532 -1346.325700 806.716200 0.000000 0.000000 0.000000 0.000000 1.000000
1704804173.278256 -1348.714200 811.090800 0.000000 0.000000 0.000000 0.000000 1.000000
1704804173.531981 -1351.102700 815.465500 0.000000 0.000000 0.000000 0.000000 1.000000
1704804173.785705 -1353.265500 819.304700 0.000000 0.000000 0.000000 0.000000 1.000000
1704804174.039429 -1355.428400 823.143800 0.000000 0.000000 0.000000 0.000000 1.000000
1704804174.293153 -1357.591200 826.983000 0.000000 0.000000 0.000000 0.000000 1.000000
1704804174.546877 -1359.754000 830.822200 0.000000 0.000000 0.000000 0.000000 1.000000
1704804174.800602 -1361.916900 834.661300 0.000000 0.000000 0.000000 0.000000 1.000000
1704804175.054326 -1364.079700 838.500500 0.000000 0.000000 0.000000 0.000000 1.000000
1704804175.308050 -1366.181000 842.898600 0.000000 0.000000 0.000000 0.000000 1.000000
1704804175.561774 -1368.282300 847.296800 0.000000 0.000000 0.000000 0.000000 1.000000
1704804175.815499 -1370.383600 851.694900 0.000000 0.000000 0.000000 0.000000 1.000000
1704804176.069223 -1372.484800 856.093100 0.000000 0.000000 0.000000 0.000000 1.000000
1704804176.322947 -1374.586100 860.491200 0.000000 0.000000 0.000000 0.000000 1.000000
1704804176.576671 -1376.687400 864.889400 0.000000 0.000000 0.000000 0.000000 1.000000
1704804176.830396 -1378.788700 869.287500 0.000000 0.000000 0.000000 0.000000 1.000000
1704804177.084120 -1380.732000 873.806000 0.000000 0.000000 0.000000 0.000000 1.000000
1704804177.337844 -1382.675300 878.324400 0.000000 0.000000 0.000000 0.000000 1.000000
1704804177.591568 -1384.618600 882.842900 0.000000 0.000000 0.000000 0.000000 1.000000
1704804177.845293 -1386.561900 887.361300 0.000000 0.000000 0.000000 0.000000 1.000000
1704804178.099017 -1388.505100 891.879800 0.000000 0.000000 0.000000 0.000000 1.000000
1704804178.352741 -1390.448400 896.398200 0.000000 0.000000 0.000000 0.000000 1.000000
1704804178.606465 -1392.391700 900.916700 0.000000 0.000000 0.000000 0.000000 1.000000
1704804178.860190 -1394.335000 905.435100 0.000000 0.000000 0.000000 0.000000 1.000000
1704804179.113914 -1396.278300 909.953600 0.000000 0.000000 0.000000 0.000000 1.000000
1704804179.367638 -1398.221600 914.472000 0.000000 0.000000 0.000000 0.000000 1.000000
1704804179.621362 -1400.120700 918.855500 0.000000 0.000000 0.000000 0.000000 1.000000
1704804179.875087 -1402.019700 923.239000 0.000000 0.000000 0.000000 0.000000 1.000000
1704804180.128811 -1403.918800 927.622500 0.000000 0.000000 0.000000 0.000000 1.000000
1704804180.382535 -1405.817900 932.006000 0.000000 0.000000 0.000000 0.000000 1.000000
1704804180.636260 -1407.879200 936.362100 0.000000 0.000000 0.000000 0.000000 1.000000
1704804180.889984 -1409.940600 940.718200 0.000000 0.000000 0.000000 0.000000 1.000000
1704804181.143708 -1412.001900 945.074300 0.000000 0.000000 0.000000 0.000000 1.000000
1704804181.397432 -1414.063300 949.430300 0.000000 0.000000 0.000000 0.000000 1.000000
1704804181.651156 -1416.124600 953.786400 0.000000 0.000000 0.000000 0.000000 1.000000
1704804181.904881 -1418.186000 958.142500 0.000000 0.000000 0.000000 0.000000 1.000000
1704804182.158605 -1419.982800 961.828500 0.000000 0.000000 0.000000 0.000000 1.000000
1704804182.412329 -1421.779600 965.514500 0.000000 0.000000 0.000000 0.000000 1.000000
1704804182.666054 -1423.576500 969.200400 0.000000 0.000000 0.000000 0.000000 1.000000
1704804182.919778 -1425.373300 972.886400 0.000000 0.000000 0.000000 0.000000 1.000000
1704804183.173502 -1427.170100 976.572400 0.000000 0.000000 0.000000 0.000000 1.000000
1704804183.427226 -1427.170100 976.572400 0.000000 0.000000 0.000000 0.000000 1.000000
1704804183.680950 -1429.256100 980.851700 0.000000 0.000000 0.000000 0.000000 1.000000
1704804183.934675 -1430.882800 984.303000 0.000000 0.000000 0.000000 0.000000 1.000000
1704804184.188399 -1432.509600 987.754300 0.000000 0.000000 0.000000 0.000000 1.000000
1704804184.442123 -1434.136300 991.205600 0.000000 0.000000 0.000000 0.000000 1.000000
1704804184.695848 -1435.920300 994.990600 0.000000 0.000000 0.000000 0.000000 1.000000
1704804184.949572 -1437.704300 998.775500 0.000000 0.000000 0.000000 0.000000 1.000000
1704804185.203296 -1439.359600 1002.885500 0.000000 0.000000 0.000000 0.000000 1.000000
1704804185.457020 -1441.015000 1006.995400 0.000000 0.000000 0.000000 0.000000 1.000000
1704804185.710744 -1442.613300 1009.792400 0.000000 0.000000 0.000000 0.000000 1.000000
1704804185.964469 -1444.211600 1012.589400 0.000000 0.000000 0.000000 0.000000 1.000000
1704804186.218193 -1444.211600 1012.589400 0.000000 0.000000 0.000000 0.000000 1.000000
1704804186.471917 -1446.723300 1015.329400 0.000000 0.000000 0.000000 0.000000 1.000000
1704804186.725641 -1446.723300 1015.329400 0.000000 0.000000 0.000000 0.000000 1.000000
1704804186.979366 -1449.692600 1016.327600 0.000000 0.000000 0.000000 0.000000 1.000000
1704804187.233090 -1451.566400 1020.878200 0.000000 0.000000 0.000000 0.000000 1.000000
1704804187.486814 -1453.440100 1025.428800 0.000000 0.000000 0.000000 0.000000 1.000000
1704804187.740539 -1455.313900 1029.979400 0.000000 0.000000 0.000000 0.000000 1.000000
1704804187.994263 -1457.187600 1034.530000 0.000000 0.000000 0.000000 0.000000 1.000000
1704804188.247987 -1459.061400 1039.080600 0.000000 0.000000 0.000000 0.000000 1.000000
1704804188.501711 -1460.935200 1043.631200 0.000000 0.000000 0.000000 0.000000 1.000000
1704804188.755435 -1462.808900 1048.181700 0.000000 0.000000 0.000000 0.000000 1.000000
1704804189.009160 -1464.682700 1052.732300 0.000000 0.000000 0.000000 0.000000 1.000000
1704804189.262884 -1466.556400 1057.282900 0.000000 0.000000 0.000000 0.000000 1.000000
1704804189.516608 -1468.430200 1061.833500 0.000000 0.000000 0.000000 0.000000 1.000000
1704804189.770333 -1470.304000 1066.384100 0.000000 0.000000 0.000000 0.000000 1.000000
1704804190.024057 -1472.177700 1070.934700 0.000000 0.000000 0.000000 0.000000 1.000000
1704804190.277781 -1474.051500 1075.485300 0.000000 0.000000 0.000000 0.000000 1.000000
1704804190.531505 -1475.925200 1080.035900 0.000000 0.000000 0.000000 0.000000 1.000000
1704804190.785229 -1477.799000 1084.586500 0.000000 0.000000 0.000000 0.000000 1.000000
1704804191.038954 -1479.672800 1089.137100 0.000000 0.000000 0.000000 0.000000 1.000000
1704804191.292678 -1481.546500 1093.687700 0.000000 0.000000 0.000000 0.000000 1.000000
1704804191.546402 -1483.420300 1098.238300 0.000000 0.000000 0.000000 0.000000 1.000000
1704804191.800127 -1485.294000 1102.788800 0.000000 0.000000 0.000000 0.000000 1.000000
1704804192.053851 -1487.167800 1107.339400 0.000000 0.000000 0.000000 0.000000 1.000000
1704804192.307575 -1489.041500 1111.890000 0.000000 0.000000 0.000000 0.000000 1.000000
1704804192.561299 -1490.915300 1116.440600 0.000000 0.000000 0.000000 0.000000 1.000000
1704804192.815023 -1492.789100 1120.991200 0.000000 0.000000 0.000000 0.000000 1.000000
1704804193.068748 -1494.662800 1125.541800 0.000000 0.000000 0.000000 0.000000 1.000000
1704804193.322472 -1496.536600 1130.092400 0.000000 0.000000 0.000000 0.000000 1.000000
1704804193.576196 -1498.410300 1134.643000 0.000000 0.000000 0.000000 0.000000 1.000000
1704804193.829921 -1500.284100 1139.193600 0.000000 0.000000 0.000000 0.000000 1.000000
1704804194.083645 -1502.157900 1143.744200 0.000000 0.000000 0.000000 0.000000 1.000000
1704804194.337369 -1504.031600 1148.294800 0.000000 0.000000 0.000000 0.000000 1.000000
1704804194.591093 -1505.905400 1152.845400 0.000000 0.000000 0.000000 0.000000 1.000000
1704804194.844818 -1507.779100 1157.395900 0.000000 0.000000 0.000000 0.000000 1.000000
1704804195.098542 -1509.652900 1161.946500 0.000000 0.000000 0.000000 0.000000 1.000000
1704804195.352266 -1511.526700 1166.497100 0.000000 0.000000 0.000000 0.000000 1.000000
1704804195.605990 -1513.400400 1171.047700 0.000000 0.000000 0.000000 0.000000 1.000000
1704804195.859715 -1515.274200 1175.598300 0.000000 0.000000 0.000000 0.000000 1.000000
1704804196.113439 -1517.147900 1180.148900 0.000000 0.000000 0.000000 0.000000 1.000000
1704804196.367163 -1519.021700 1184.699500 0.000000 0.000000 0.000000 0.000000 1.000000
1704804196.620887 -1521.106900 1188.880500 0.000000 0.000000 0.000000 0.000000 1.000000
1704804196.874612 -1523.192200 1193.061500 0.000000 0.000000 0.000000 0.000000 1.000000
1704804197.128336 -1525.277400 1197.242500 0.000000 0.000000 0.000000 0.000000 1.000000
1704804197.382060 -1527.362700 1201.423500 0.000000 0.000000 0.000000 0.000000 1.000000
1704804197.635784 -1528.204200 1203.155200 0.000000 0.000000 0.000000 0.000000 1.000000
1704804197.889508 -1529.622700 1206.074500 0.000000 0.000000 0.000000 0.000000 1.000000
1704804198.143233 -1532.298900 1210.283500 0.000000 0.000000 0.000000 0.000000 1.000000
1704804198.396957 -1534.975100 1214.492500 0.000000 0.000000 0.000000 0.000000 1.000000
1704804198.650681 -1537.651300 1218.701500 0.000000 0.000000 0.000000 0.000000 1.000000
1704804198.904406 -1540.327500 1222.910500 0.000000 0.000000 0.000000 0.000000 1.000000
1704804199.158130 -1543.003700 1227.119500 0.000000 0.000000 0.000000 0.000000 1.000000
1704804199.411854 -1545.598200 1231.218000 0.000000 0.000000 0.000000 0.000000 1.000000
1704804199.665578 -1548.192700 1235.316500 0.000000 0.000000 0.000000 0.000000 1.000000
1704804199.919302 -1550.787200 1239.415000 0.000000 0.000000 0.000000 0.000000 1.000000
1704804200.173027 -1553.381700 1243.513500 0.000000 0.000000 0.000000 0.000000 1.000000
1704804200.426751 -1553.588800 1243.845300 0.000000 0.000000 0.000000 0.000000 1.000000
1704804200.680475 -1555.827300 1247.430400 0.000000 0.000000 0.000000 0.000000 1.000000
1704804200.934200 -1556.491700 1248.494500 0.000000 0.000000 0.000000 0.000000 1.000000
1704804201.187924 -1558.941700 1252.375500 0.000000 0.000000 0.000000 0.000000 1.000000
1704804201.441648 -1562.119000 1256.071500 0.000000 0.000000 0.000000 0.000000 1.000000
1704804201.695372 -1565.296400 1259.767500 0.000000 0.000000 0.000000 0.000000 1.000000
1704804201.949097 -1568.473700 1263.463600 0.000000 0.000000 0.000000 0.000000 1.000000
1704804202.202821 -1571.651100 1267.159600 0.000000 0.000000 0.000000 0.000000 1.000000
1704804202.456545 -1574.828400 1270.855600 0.000000 0.000000 0.000000 0.000000 1.000000
1704804202.710269 -1578.005800 1274.551600 0.000000 0.000000 0.000000 0.000000 1.000000
1704804202.963994 -1581.183100 1278.247700 0.000000 0.000000 0.000000 0.000000 1.000000
1704804203.217718 -1584.360500 1281.943700 0.000000 0.000000 0.000000 0.000000 1.000000
1704804203.471442 -1587.537800 1285.639700 0.000000 0.000000 0.000000 0.000000 1.000000
1704804203.725166 -1589.811100 1288.283100 0.000000 0.000000 0.000000 0.000000 1.000000
1704804203.978891 -1592.084400 1290.926400 0.000000 0.000000 0.000000 0.000000 1.000000
1704804204.232615 -1594.357700 1293.569800 0.000000 0.000000 0.000000 0.000000 1.000000
1704804204.486339 -1594.357700 1293.569800 0.000000 0.000000 0.000000 0.000000 1.000000
1704804204.740063 -1596.798800 1296.247100 0.000000 0.000000 0.000000 0.000000 1.000000
1704804204.993788 -1596.798800 1296.247100 0.000000 0.000000 0.000000 0.000000 1.000000
1704804205.247512 -1599.274400 1298.962300 0.000000 0.000000 0.000000 0.000000 1.000000
1704804205.501236 -1602.858800 1302.324700 0.000000 0.000000 0.000000 0.000000 1.000000
1704804205.754960 -1606.443200 1305.687100 0.000000 0.000000 0.000000 0.000000 1.000000
1704804206.008685 -1610.027700 1309.049400 0.000000 0.000000 0.000000 0.000000 1.000000
1704804206.262409 -1613.612100 1312.411800 0.000000 0.000000 0.000000 0.000000 1.000000
1704804206.516133 -1617.196500 1315.774200 0.000000 0.000000 0.000000 0.000000 1.000000
1704804206.769857 -1620.804700 1319.144500 0.000000 0.000000 0.000000 0.000000 1.000000
1704804207.023582 -1624.412900 1322.514800 0.000000 0.000000 0.000000 0.000000 1.000000
1704804207.277306 -1628.021100 1325.885100 0.000000 0.000000 0.000000 0.000000 1.000000
1704804207.531030 -1631.629300 1329.255400 0.000000 0.000000 0.000000 0.000000 1.000000
1704804207.784754 -1635.237600 1332.625700 0.000000 0.000000 0.000000 0.000000 1.000000
1704804208.038479 -1638.845800 1335.996000 0.000000 0.000000 0.000000 0.000000 1.000000
1704804208.292203 -1642.454000 1339.366300 0.000000 0.000000 0.000000 0.000000 1.000000
1704804208.545927 -1646.062200 1342.736600 0.000000 0.000000 0.000000 0.000000 1.000000
1704804208.799651 -1649.777700 1345.666500 0.000000 0.000000 0.000000 0.000000 1.000000
1704804209.053376 -1653.493100 1348.596400 0.000000 0.000000 0.000000 0.000000 1.000000
1704804209.307100 -1657.208600 1351.526400 0.000000 0.000000 0.000000 0.000000 1.000000
1704804209.560824 -1660.924100 1354.456300 0.000000 0.000000 0.000000 0.000000 1.000000
1704804209.814548 -1664.639500 1357.386200 0.000000 0.000000 0.000000 0.000000 1.000000
1704804210.068273 -1668.355000 1360.316100 0.000000 0.000000 0.000000 0.000000 1.000000
1704804210.321997 -1672.070400 1363.246100 0.000000 0.000000 0.000000 0.000000 1.000000
1704804210.575721 -1675.785900 1366.176000 0.000000 0.000000 0.000000 0.000000 1.000000
1704804210.829445 -1679.501400 1369.105900 0.000000 0.000000 0.000000 0.000000 1.000000
1704804211.083170 -1683.216800 1372.035800 0.000000 0.000000 0.000000 0.000000 1.000000
1704804211.336894 -1686.932300 1374.965700 0.000000 0.000000 0.000000 0.000000 1.000000
1704804211.590618 -1690.647800 1377.895700 0.000000 0.000000 0.000000 0.000000 1.000000
1704804211.844342 -1694.363200 1380.825600 0.000000 0.000000 0.000000 0.000000 1.000000
1704804212.098067 -1698.078700 1383.755500 0.000000 0.000000 0.000000 0.000000 1.000000
1704804212.351791 -1701.414700 1386.126100 0.000000 0.000000 0.000000 0.000000 1.000000
1704804212.605515 -1704.750700 1388.496700 0.000000 0.000000 0.000000 0.000000 1.000000
1704804212.859239 -1708.086700 1390.867300 0.000000 0.000000 0.000000 0.000000 1.000000
1704804213.112964 -1711.422700 1393.237900 0.000000 0.000000 0.000000 0.000000 1.000000
1704804213.366688 -1714.758700 1395.608500 0.000000 0.000000 0.000000 0.000000 1.000000
1704804213.620412 -1719.108900 1397.848900 0.000000 0.000000 0.000000 0.000000 1.000000
1704804213.874136 -1723.459100 1400.089400 0.000000 0.000000 0.000000 0.000000 1.000000
1704804214.127861 -1727.809400 1402.329800 0.000000 0.000000 0.000000 0.000000 1.000000
1704804214.381585 -1732.159600 1404.570300 0.000000 0.000000 0.000000 0.000000 1.000000
1704804214.635309 -1736.509800 1406.810700 0.000000 0.000000 0.000000 0.000000 1.000000
1704804214.889033 -1740.860000 1409.051200 0.000000 0.000000 0.000000 0.000000 1.000000
1704804215.142758 -1745.210300 1411.291600 0.000000 0.000000 0.000000 0.000000 1.000000
1704804215.396482 -1749.560500 1413.532100 0.000000 0.000000 0.000000 0.000000 1.000000
1704804215.650206 -1753.910700 1415.772500 0.000000 0.000000 0.000000 0.000000 1.000000
1704804215.903930 -1758.031300 1417.821800 0.000000 0.000000 0.000000 0.000000 1.000000
1704804216.157655 -1762.151900 1419.871000 0.000000 0.000000 0.000000 0.000000 1.000000
1704804216.411379 -1766.272600 1421.920300 0.000000 0.000000 0.000000 0.000000 1.000000
1704804216.665103 -1770.393200 1423.969500 0.000000 0.000000 0.000000 0.000000 1.000000
1704804216.918828 -1774.513800 1426.018800 0.000000 0.000000 0.000000 0.000000 1.000000
1704804217.172552 -1778.634400 1428.068000 0.000000 0.000000 0.000000 0.000000 1.000000
1704804217.426276 -1782.755100 1430.117300 0.000000 0.000000 0.000000 0.000000 1.000000
1704804217.680000 -1786.875700 1432.166500 0.000000 0.000000 0.000000 0.000000 1.000000
1704804217.933724 -1791.316100 1433.939400 0.000000 0.000000 0.000000 0.000000 1.000000
1704804218.187449 -1795.756400 1435.712300 0.000000 0.000000 0.000000 0.000000 1.000000
1704804218.441173 -1800.196800 1437.485100 0.000000 0.000000 0.000000 0.000000 1.000000
1704804218.694897 -1804.637200 1439.258000 0.000000 0.000000 0.000000 0.000000 1.000000
1704804218.948622 -1809.077600 1441.030900 0.000000 0.000000 0.000000 0.000000 1.000000
1704804219.202346 -1813.517900 1442.803800 0.000000 0.000000 0.000000 0.000000 1.000000
1704804219.456070 -1817.958300 1444.576600 0.000000 0.000000 0.000000 0.000000 1.000000
1704804219.709794 -1822.398700 1446.349500 0.000000 0.000000 0.000000 0.000000 1.000000
1704804219.963518 -1826.570400 1448.191900 0.000000 0.000000 0.000000 0.000000 1.000000
1704804220.217243 -1830.742100 1450.034200 0.000000 0.000000 0.000000 0.000000 1.000000
1704804220.470967 -1834.913800 1451.876600 0.000000 0.000000 0.000000 0.000000 1.000000
1704804220.724691 -1839.085500 1453.718900 0.000000 0.000000 0.000000 0.000000 1.000000
1704804220.978415 -1843.257200 1455.561300 0.000000 0.000000 0.000000 0.000000 1.000000
1704804221.232140 -1847.429000 1457.403600 0.000000 0.000000 0.000000 0.000000 1.000000
1704804221.485864 -1851.600700 1459.246000 0.000000 0.000000 0.000000 0.000000 1.000000
1704804221.739588 -1855.772400 1461.088300 0.000000 0.000000 0.000000 0.000000 1.000000
1704804221.993313 -1859.944100 1462.930700 0.000000 0.000000 0.000000 0.000000 1.000000
1704804222.247037 -1864.115800 1464.773000 0.000000 0.000000 0.000000 0.000000 1.000000
1704804222.500761 -1868.191200 1467.073900 0.000000 0.000000 0.000000 0.000000 1.000000
1704804222.754485 -1872.266500 1469.374700 0.000000 0.000000 0.000000 0.000000 1.000000
1704804223.008209 -1876.341900 1471.675600 0.000000 0.000000 0.000000 0.000000 1.000000
1704804223.261934 -1880.417300 1473.976400 0.000000 0.000000 0.000000 0.000000 1.000000
1704804223.515658 -1884.492600 1476.277300 0.000000 0.000000 0.000000 0.000000 1.000000
1704804223.769382 -1888.568000 1478.578100 0.000000 0.000000 0.000000 0.000000 1.000000
1704804224.023107 -1892.643400 1480.879000 0.000000 0.000000 0.000000 0.000000 1.000000
1704804224.276831 -1896.718700 1483.179800 0.000000 0.000000 0.000000 0.000000 1.000000
1704804224.530555 -1900.794100 1485.480700 0.000000 0.000000 0.000000 0.000000 1.000000
1704804224.784279 -1904.869500 1487.781500 0.000000 0.000000 0.000000 0.000000 1.000000
1704804225.038003 -1908.944800 1490.082400 0.000000 0.000000 0.000000 0.000000 1.000000
1704804225.291728 -1913.020200 1492.383200 0.000000 0.000000 0.000000 0.000000 1.000000
1704804225.545452 -1917.095600 1494.684100 0.000000 0.000000 0.000000 0.000000 1.000000
1704804225.799176 -1921.170900 1496.984900 0.000000 0.000000 0.000000 0.000000 1.000000
1704804226.052901 -1925.246300 1499.285800 0.000000 0.000000 0.000000 0.000000 1.000000
1704804226.306625 -1929.231400 1502.132300 0.000000 0.000000 0.000000 0.000000 1.000000
1704804226.560349 -1933.216500 1504.978800 0.000000 0.000000 0.000000 0.000000 1.000000
1704804226.814073 -1937.201600 1507.825300 0.000000 0.000000 0.000000 0.000000 1.000000
1704804227.067797 -1940.585200 1510.242200 0.000000 0.000000 0.000000 0.000000 1.000000
1704804227.321522 -1943.968900 1512.659100 0.000000 0.000000 0.000000 0.000000 1.000000
1704804227.575246 -1947.352500 1515.076000 0.000000 0.000000 0.000000 0.000000 1.000000
1704804227.828970 -1950.252500 1517.924100 0.000000 0.000000 0.000000 0.000000 1.000000
1704804228.082695 -1953.152600 1520.772300 0.000000 0.000000 0.000000 0.000000 1.000000
1704804228.336419 -1956.052600 1523.620400 0.000000 0.000000 0.000000 0.000000 1.000000
1704804228.590143 -1958.952700 1526.468500 0.000000 0.000000 0.000000 0.000000 1.000000
1704804228.843867 -1962.743400 1529.514000 0.000000 0.000000 0.000000 0.000000 1.000000
1704804229.097592 -1966.534200 1532.559500 0.000000 0.000000 0.000000 0.000000 1.000000
1704804229.351316 -1970.324900 1535.605000 0.000000 0.000000 0.000000 0.000000 1.000000
1704804229.605040 -1974.115700 1538.650500 0.000000 0.000000 0.000000 0.000000 1.000000
1704804229.858764 -1977.519300 1541.497900 0.000000 0.000000 0.000000 0.000000 1.000000
1704804230.112489 -1980.922900 1544.345200 0.000000 0.000000 0.000000 0.000000 1.000000
1704804230.366213 -1984.326600 1547.192600 0.000000 0.000000 0.000000 0.000000 1.000000
1704804230.619937 -1987.730200 1550.039900 0.000000 0.000000 0.000000 0.000000 1.000000
1704804230.873661 -1991.113800 1553.248100 0.000000 0.000000 0.000000 0.000000 1.000000
1704804231.127386 -1994.497400 1556.456200 0.000000 0.000000 0.000000 0.000000 1.000000
1704804231.381110 -1997.881000 1559.664400 0.000000 0.000000 0.000000 0.000000 1.000000
1704804231.634834 -2001.264600 1562.872500 0.000000 0.000000 0.000000 0.000000 1.000000
1704804231.888558 -2004.648300 1566.080700 0.000000 0.000000 0.000000 0.000000 1.000000
1704804232.142282 -2008.031900 1569.288800 0.000000 0.000000 0.000000 0.000000 1.000000
1704804232.396007 -2011.415500 1572.497000 0.000000 0.000000 0.000000 0.000000 1.000000
1704804232.649731 -2014.799100 1575.705100 0.000000 0.000000 0.000000 0.000000 1.000000
1704804232.903455 -2018.182700 1578.913300 0.000000 0.000000 0.000000 0.000000 1.000000
1704804233.157180 -2021.235500 1582.642800 0.000000 0.000000 0.000000 0.000000 1.000000
1704804233.410904 -2024.288200 1586.372300 0.000000 0.000000 0.000000 0.000000 1.000000
1704804233.664628 -2027.341000 1590.101800 0.000000 0.000000 0.000000 0.000000 1.000000
1704804233.918352 -2030.393800 1593.831200 0.000000 0.000000 0.000000 0.000000 1.000000
1704804234.172076 -2033.446500 1597.560700 0.000000 0.000000 0.000000 0.000000 1.000000
1704804234.425801 -2036.499300 1601.290200 0.000000 0.000000 0.000000 0.000000 1.000000
1704804234.679525 -2039.552100 1605.019700 0.000000 0.000000 0.000000 0.000000 1.000000
1704804234.933249 -2042.604800 1608.749200 0.000000 0.000000 0.000000 0.000000 1.000000
1704804235.186974 -2045.657600 1612.478700 0.000000 0.000000 0.000000 0.000000 1.000000
1704804235.440698 -2048.710400 1616.208200 0.000000 0.000000 0.000000 0.000000 1.000000
1704804235.694422 -2051.763100 1619.937700 0.000000 0.000000 0.000000 0.000000 1.000000
1704804235.948146 -2054.815900 1623.667100 0.000000 0.000000 0.000000 0.000000 1.000000
1704804236.201871 -2057.868700 1627.396600 0.000000 0.000000 0.000000 0.000000 1.000000
1704804236.455595 -2060.921400 1631.126100 0.000000 0.000000 0.000000 0.000000 1.000000
1704804236.709319 -2063.974200 1634.855600 0.000000 0.000000 0.000000 0.000000 1.000000
1704804236.963043 -2066.850200 1638.803200 0.000000 0.000000 0.000000 0.000000 1.000000
1704804237.216768 -2069.726300 1642.750700 0.000000 0.000000 0.000000 0.000000 1.000000
1704804237.470492 -2072.602300 1646.698300 0.000000 0.000000 0.000000 0.000000 1.000000
1704804237.724216 -2075.478400 1650.645800 0.000000 0.000000 0.000000 0.000000 1.000000
1704804237.977940 -2078.072500 1654.856500 0.000000 0.000000 0.000000 0.000000 1.000000
1704804238.231665 -2080.666600 1659.067200 0.000000 0.000000 0.000000 0.000000 1.000000
1704804238.485389 -2083.260700 1663.278000 0.000000 0.000000 0.000000 0.000000 1.000000
1704804238.739113 -2085.854800 1667.488700 0.000000 0.000000 0.000000 0.000000 1.000000
1704804238.992837 -2088.448900 1671.699400 0.000000 0.000000 0.000000 0.000000 1.000000
1704804239.246562 -2091.043000 1675.910100 0.000000 0.000000 0.000000 0.000000 1.000000
1704804239.500286 -2093.073200 1679.632100 0.000000 0.000000 0.000000 0.000000 1.000000
1704804239.754010 -2095.103300 1683.354000 0.000000 0.000000 0.000000 0.000000 1.000000
1704804240.007734 -2097.133500 1687.076000 0.000000 0.000000 0.000000 0.000000 1.000000
1704804240.261459 -2099.163700 1690.797900 0.000000 0.000000 0.000000 0.000000 1.000000
1704804240.515183 -2101.276500 1694.461700 0.000000 0.000000 0.000000 0.000000 1.000000
1704804240.768907 -2103.389400 1698.125400 0.000000 0.000000 0.000000 0.000000 1.000000
1704804241.022631 -2105.502200 1701.789200 0.000000 0.000000 0.000000 0.000000 1.000000
1704804241.276356 -2107.615000 1705.453000 0.000000 0.000000 0.000000 0.000000 1.000000
1704804241.530080 -2109.727900 1709.116700 0.000000 0.000000 0.000000 0.000000 1.000000
1704804241.783804 -2111.840700 1712.780500 0.000000 0.000000 0.000000 0.000000 1.000000
1704804242.037528 -2113.972400 1716.477000 0.000000 0.000000 0.000000 0.000000 1.000000
1704804242.291253 -2116.104100 1720.173500 0.000000 0.000000 0.000000 0.000000 1.000000
1704804242.544977 -2118.235900 1723.869900 0.000000 0.000000 0.000000 0.000000 1.000000
1704804242.798701 -2120.367600 1727.566400 0.000000 0.000000 0.000000 0.000000 1.000000
1704804243.052425 -2122.059400 1731.457600 0.000000 0.000000 0.000000 0.000000 1.000000
1704804243.306150 -2123.751200 1735.348700 0.000000 0.000000 0.000000 0.000000 1.000000
1704804243.559874 -2125.443000 1739.239900 0.000000 0.000000 0.000000 0.000000 1.000000
1704804243.813598 -2127.134800 1743.131000 0.000000 0.000000 0.000000 0.000000 1.000000
1704804244.067322 -2128.947200 1747.047800 0.000000 0.000000 0.000000 0.000000 1.000000
1704804244.321047 -2130.759600 1750.964600 0.000000 0.000000 0.000000 0.000000 1.000000
1704804244.574771 -2132.572100 1754.881300 0.000000 0.000000 0.000000 0.000000 1.000000
1704804244.828495 -2134.384500 1758.798100 0.000000 0.000000 0.000000 0.000000 1.000000
1704804245.082219 -2134.803400 1762.652300 0.000000 0.000000 0.000000 0.000000 1.000000
1704804245.335944 -2135.222300 1766.506400 0.000000 0.000000 0.000000 0.000000 1.000000
1704804245.589668 -2136.004300 1769.913700 0.000000 0.000000 0.000000 0.000000 1.000000
1704804245.843392 -2136.786300 1773.320900 0.000000 0.000000 0.000000 0.000000 1.000000
1704804246.097116 -2137.568300 1776.728200 0.000000 0.000000 0.000000 0.000000 1.000000
1704804246.350841 -2138.573700 1780.582300 0.000000 0.000000 0.000000 0.000000 1.000000
1704804246.604565 -2139.579200 1784.436500 0.000000 0.000000 0.000000 0.000000 1.000000
1704804246.858289 -2140.584600 1788.290600 0.000000 0.000000 0.000000 0.000000 1.000000
1704804247.112013 -2141.506200 1792.479900 0.000000 0.000000 0.000000 0.000000 1.000000
1704804247.365738 -2142.427900 1796.669200 0.000000 0.000000 0.000000 0.000000 1.000000
1704804247.619462 -2143.416700 1800.339100 0.000000 0.000000 0.000000 0.000000 1.000000
1704804247.873186 -2144.405400 1804.009000 0.000000 0.000000 0.000000 0.000000 1.000000
1704804248.126910 -2145.394200 1807.678800 0.000000 0.000000 0.000000 0.000000 1.000000
1704804248.380635 -2146.383000 1811.348700 0.000000 0.000000 0.000000 0.000000 1.000000
1704804248.634359 -2147.572600 1815.764200 0.000000 0.000000 0.000000 0.000000 1.000000
1704804248.888083 -2148.762300 1820.179600 0.000000 0.000000 0.000000 0.000000 1.000000
1704804249.141807 -2149.951900 1824.595100 0.000000 0.000000 0.000000 0.000000 1.000000
1704804249.395532 -2151.141600 1829.010500 0.000000 0.000000 0.000000 0.000000 1.000000
1704804249.649256 -2151.912400 1833.568400 0.000000 0.000000 0.000000 0.000000 1.000000
1704804249.902980 -2152.683300 1838.126400 0.000000 0.000000 0.000000 0.000000 1.000000
1704804250.156704 -2153.454100 1842.684300 0.000000 0.000000 0.000000 0.000000 1.000000
1704804250.410429 -2154.225000 1847.242300 0.000000 0.000000 0.000000 0.000000 1.000000
1704804250.664153 -2154.995800 1851.800200 0.000000 0.000000 0.000000 0.000000 1.000000
1704804250.917877 -2155.440800 1855.935500 0.000000 0.000000 0.000000 0.000000 1.000000
1704804251.171602 -2155.885800 1860.070800 0.000000 0.000000 0.000000 0.000000 1.000000
1704804251.425326 -2156.330900 1864.206100 0.000000 0.000000 0.000000 0.000000 1.000000
1704804251.679050 -2156.775900 1868.341400 0.000000 0.000000 0.000000 0.000000 1.000000
1704804251.932774 -2157.220900 1872.476700 0.000000 0.000000 0.000000 0.000000 1.000000
1704804252.186498 -2157.960600 1877.127700 0.000000 0.000000 0.000000 0.000000 1.000000
1704804252.440223 -2158.700200 1881.778700 0.000000 0.000000 0.000000 0.000000 1.000000
1704804252.693947 -2159.439900 1886.429700 0.000000 0.000000 0.000000 0.000000 1.000000
1704804252.947671 -2160.179600 1891.080700 0.000000 0.000000 0.000000 0.000000 1.000000
1704804253.201396 -2160.919200 1895.731700 0.000000 0.000000 0.000000 0.000000 1.000000
1704804253.455120 -2161.658900 1900.382700 0.000000 0.000000 0.000000 0.000000 1.000000
1704804253.708844 -2161.921800 1905.319600 0.000000 0.000000 0.000000 0.000000 1.000000
1704804253.962568 -2162.184600 1910.256400 0.000000 0.000000 0.000000 0.000000 1.000000
1704804254.216292 -2162.447500 1915.193300 0.000000 0.000000 0.000000 0.000000 1.000000
1704804254.470017 -2162.710300 1920.130100 0.000000 0.000000 0.000000 0.000000 1.000000
1704804254.723741 -2162.973200 1925.067000 0.000000 0.000000 0.000000 0.000000 1.000000
1704804254.977465 -2163.236000 1930.003800 0.000000 0.000000 0.000000 0.000000 1.000000
1704804255.231189 -2163.498900 1934.940700 0.000000 0.000000 0.000000 0.000000 1.000000
1704804255.484914 -2163.497800 1939.560400 0.000000 0.000000 0.000000 0.000000 1.000000
1704804255.738638 -2163.496600 1944.180100 0.000000 0.000000 0.000000 0.000000 1.000000
1704804255.992362 -2163.495500 1948.799800 0.000000 0.000000 0.000000 0.000000 1.000000
1704804256.246086 -2163.494300 1953.419600 0.000000 0.000000 0.000000 0.000000 1.000000
1704804256.499811 -2163.493200 1958.039300 0.000000 0.000000 0.000000 0.000000 1.000000
1704804256.753535 -2163.492000 1962.659000 0.000000 0.000000 0.000000 0.000000 1.000000
1704804257.007259 -2163.490900 1967.278700 0.000000 0.000000 0.000000 0.000000 1.000000
1704804257.260983 -2163.284100 1971.980400 0.000000 0.000000 0.000000 0.000000 1.000000
1704804257.514708 -2163.077300 1976.682200 0.000000 0.000000 0.000000 0.000000 1.000000
1704804257.768432 -2162.870500 1981.383900 0.000000 0.000000 0.000000 0.000000 1.000000
1704804258.022156 -2162.663700 1986.085600 0.000000 0.000000 0.000000 0.000000 1.000000
1704804258.275881 -2162.456900 1990.787400 0.000000 0.000000 0.000000 0.000000 1.000000
1704804258.529605 -2162.250100 1995.489100 0.000000 0.000000 0.000000 0.000000 1.000000
1704804258.783329 -2162.043300 2000.190800 0.000000 0.000000 0.000000 0.000000 1.000000
1704804259.037053 -2161.836500 2004.892600 0.000000 0.000000 0.000000 0.000000 1.000000
1704804259.290777 -2161.629700 2009.594300 0.000000 0.000000 0.000000 0.000000 1.000000
1704804259.544502 -2161.422900 2014.296000 0.000000 0.000000 0.000000 0.000000 1.000000
1704804259.798226 -2161.216100 2018.997800 0.000000 0.000000 0.000000 0.000000 1.000000
1704804260.051950 -2161.009300 2023.699500 0.000000 0.000000 0.000000 0.000000 1.000000
1704804260.305675 -2160.802500 2028.401200 0.000000 0.000000 0.000000 0.000000 1.000000
1704804260.559399 -2160.595700 2033.103000 0.000000 0.000000 0.000000 0.000000 1.000000
1704804260.813123 -2160.388900 2037.804700 0.000000 0.000000 0.000000 0.000000 1.000000
1704804261.066847 -2160.797500 2042.737300 0.000000 0.000000 0.000000 0.000000 1.000000
1704804261.320571 -2161.206100 2047.669900 0.000000 0.000000 0.000000 0.000000 1.000000
1704804261.574296 -2161.614700 2052.602500 0.000000 0.000000 0.000000 0.000000 1.000000
1704804261.828020 -2162.023400 2057.535200 0.000000 0.000000 0.000000 0.000000 1.000000
1704804262.081744 -2162.432000 2062.467800 0.000000 0.000000 0.000000 0.000000 1.000000
1704804262.335469 -2162.840600 2067.400400 0.000000 0.000000 0.000000 0.000000 1.000000
1704804262.589193 -2163.249200 2072.333000 0.000000 0.000000 0.000000 0.000000 1.000000
1704804262.842917 -2163.657800 2077.265600 0.000000 0.000000 0.000000 0.000000 1.000000
1704804263.096641 -2164.066400 2082.198200 0.000000 0.000000 0.000000 0.000000 1.000000
1704804263.350365 -2164.475100 2087.130900 0.000000 0.000000 0.000000 0.000000 1.000000
1704804263.604090 -2164.883700 2092.063500 0.000000 0.000000 0.000000 0.000000 1.000000
1704804263.857814 -2165.292300 2096.996100 0.000000 0.000000 0.000000 0.000000 1.000000
1704804264.111538 -2165.700900 2101.928700 0.000000 0.000000 0.000000 0.000000 1.000000
1704804264.365263 -2166.524000 2106.690500 0.000000 0.000000 0.000000 0.000000 1.000000
1704804264.618987 -2167.347100 2111.452400 0.000000 0.000000 0.000000 0.000000 1.000000
1704804264.872711 -2168.170200 2116.214200 0.000000 0.000000 0.000000 0.000000 1.000000
1704804265.126435 -2168.951300 2120.250100 0.000000 0.000000 0.000000 0.000000 1.000000
1704804265.380160 -2169.732400 2124.285900 0.000000 0.000000 0.000000 0.000000 1.000000
1704804265.633884 -2170.477400 2128.135100 0.000000 0.000000 0.000000 0.000000 1.000000
1704804265.887608 -2171.222400 2131.984300 0.000000 0.000000 0.000000 0.000000 1.000000
1704804266.141332 -2171.985500 2136.181200 0.000000 0.000000 0.000000 0.000000 1.000000
1704804266.395056 -2172.748600 2140.378000 0.000000 0.000000 0.000000 0.000000 1.000000
1704804266.648781 -2173.918600 2145.007300 0.000000 0.000000 0.000000 0.000000 1.000000
1704804266.902505 -2175.088700 2149.636600 0.000000 0.000000 0.000000 0.000000 1.000000
1704804267.156229 -2176.258700 2154.265900 0.000000 0.000000 0.000000 0.000000 1.000000
1704804267.409954 -2177.428800 2158.895200 0.000000 0.000000 0.000000 0.000000 1.000000
1704804267.663678 -2178.598800 2163.524500 0.000000 0.000000 0.000000 0.000000 1.000000
1704804267.917402 -2180.372900 2168.052700 0.000000 0.000000 0.000000 0.000000 1.000000
1704804268.171126 -2182.147000 2172.580900 0.000000 0.000000 0.000000 0.000000 1.000000
1704804268.424850 -2183.921100 2177.109100 0.000000 0.000000 0.000000 0.000000 1.000000
1704804268.678575 -2185.695200 2181.637300 0.000000 0.000000 0.000000 0.000000 1.000000
1704804268.932299 -2187.469300 2186.165500 0.000000 0.000000 0.000000 0.000000 1.000000
1704804269.186023 -2189.243400 2190.693700 0.000000 0.000000 0.000000 0.000000 1.000000
1704804269.439748 -2191.017500 2195.221900 0.000000 0.000000 0.000000 0.000000 1.000000
1704804269.693472 -2192.791600 2199.750100 0.000000 0.000000 0.000000 0.000000 1.000000
1704804269.947196 -2194.565700 2204.278300 0.000000 0.000000 0.000000 0.000000 1.000000
1704804270.200920 -2196.339800 2208.806500 0.000000 0.000000 0.000000 0.000000 1.000000
1704804270.454645 -2198.113900 2213.334700 0.000000 0.000000 0.000000 0.000000 1.000000
1704804270.708369 -2200.493100 2217.599700 0.000000 0.000000 0.000000 0.000000 1.000000
1704804270.962093 -2202.872300 2221.864700 0.000000 0.000000 0.000000 0.000000 1.000000
1704804271.215817 -2205.251500 2226.129700 0.000000 0.000000 0.000000 0.000000 1.000000
1704804271.469542 -2207.630700 2230.394700 0.000000 0.000000 0.000000 0.000000 1.000000
1704804271.723266 -2210.009900 2234.659700 0.000000 0.000000 0.000000 0.000000 1.000000
1704804271.976990 -2212.389100 2238.924700 0.000000 0.000000 0.000000 0.000000 1.000000
1704804272.230714 -2214.768300 2243.189700 0.000000 0.000000 0.000000 0.000000 1.000000
1704804272.484439 -2217.147500 2247.454700 0.000000 0.000000 0.000000 0.000000 1.000000
1704804272.738163 -2219.526700 2251.719700 0.000000 0.000000 0.000000 0.000000 1.000000
1704804272.991887 -2221.905900 2255.984700 0.000000 0.000000 0.000000 0.000000 1.000000
1704804273.245611 -2225.043400 2259.805500 0.000000 0.000000 0.000000 0.000000 1.000000
1704804273.499336 -2228.180900 2263.626400 0.000000 0.000000 0.000000 0.000000 1.000000
1704804273.753060 -2231.318400 2267.447200 0.000000 0.000000 0.000000 0.000000 1.000000
1704804274.006784 -2234.455900 2271.268000 0.000000 0.000000 0.000000 0.000000 1.000000
1704804274.260508 -2237.593400 2275.088900 0.000000 0.000000 0.000000 0.000000 1.000000
1704804274.514233 -2240.730900 2278.909700 0.000000 0.000000 0.000000 0.000000 1.000000
1704804274.767957 -2243.009000 2281.941600 0.000000 0.000000 0.000000 0.000000 1.000000
1704804275.021681 -2245.287100 2284.973600 0.000000 0.000000 0.000000 0.000000 1.000000
1704804275.275405 -2247.565200 2288.005500 0.000000 0.000000 0.000000 0.000000 1.000000
1704804275.529130 -2249.843300 2291.037400 0.000000 0.000000 0.000000 0.000000 1.000000
1704804275.782854 -2250.209800 2291.525200 0.000000 0.000000 0.000000 0.000000 1.000000
1704804276.036578 -2252.450500 2294.507400 0.000000 0.000000 0.000000 0.000000 1.000000
1704804276.290302 -2252.552900 2294.643700 0.000000 0.000000 0.000000 0.000000 1.000000
1704804276.544027 -2254.572400 2296.974200 0.000000 0.000000 0.000000 0.000000 1.000000
1704804276.797751 -2259.294600 2302.425500 0.000000 0.000000 0.000000 0.000000 1.000000
1704804277.051475 -2262.101400 2305.666200 0.000000 0.000000 0.000000 0.000000 1.000000
1704804277.305199 -2264.908100 2308.907000 0.000000 0.000000 0.000000 0.000000 1.000000
1704804277.558924 -2267.714900 2312.147700 0.000000 0.000000 0.000000 0.000000 1.000000
1704804277.812648 -2271.302000 2315.246900 0.000000 0.000000 0.000000 0.000000 1.000000
1704804278.066372 -2274.889100 2318.346100 0.000000 0.000000 0.000000 0.000000 1.000000
1704804278.320096 -2278.476100 2321.445300 0.000000 0.000000 0.000000 0.000000 1.000000
1704804278.573821 -2282.063200 2324.544500 0.000000 0.000000 0.000000 0.000000 1.000000
1704804278.827545 -2285.650300 2327.643700 0.000000 0.000000 0.000000 0.000000 1.000000
1704804279.081269 -2289.237400 2330.742900 0.000000 0.000000 0.000000 0.000000 1.000000
1704804279.334993 -2292.824400 2333.842100 0.000000 0.000000 0.000000 0.000000 1.000000
1704804279.588718 -2296.411500 2336.941300 0.000000 0.000000 0.000000 0.000000 1.000000
1704804279.842442 -2299.998600 2340.040500 0.000000 0.000000 0.000000 0.000000 1.000000
1704804280.096166 -2303.585700 2343.139700 0.000000 0.000000 0.000000 0.000000 1.000000
1704804280.349890 -2307.172700 2346.238900 0.000000 0.000000 0.000000 0.000000 1.000000
1704804280.603615 -2310.759800 2349.338100 0.000000 0.000000 0.000000 0.000000 1.000000
1704804280.857339 -2314.346900 2352.437300 0.000000 0.000000 0.000000 0.000000 1.000000
1704804281.111063 -2314.346900 2352.437300 0.000000 0.000000 0.000000 0.000000 1.000000
1704804281.364787 -2316.794600 2352.707500 0.000000 0.000000 0.000000 0.000000 1.000000
1704804281.618512 -2316.794600 2352.707500 0.000000 0.000000 0.000000 0.000000 1.000000
1704804281.872236 -2319.438500 2353.492000 0.000000 0.000000 0.000000 0.000000 1.000000
1704804282.125960 -2319.438500 2353.492000 0.000000 0.000000 0.000000 0.000000 1.000000
1704804282.379684 -2322.473300 2354.377100 0.000000 0.000000 0.000000 0.000000 1.000000
1704804282.633409 -2325.824200 2356.021000 0.000000 0.000000 0.000000 0.000000 1.000000
1704804282.887133 -2329.175100 2357.664800 0.000000 0.000000 0.000000 0.000000 1.000000
1704804283.140857 -2333.031800 2359.751200 0.000000 0.000000 0.000000 0.000000 1.000000
1704804283.394581 -2336.888500 2361.837700 0.000000 0.000000 0.000000 0.000000 1.000000
1704804283.648306 -2340.745300 2363.924100 0.000000 0.000000 0.000000 0.000000 1.000000
1704804283.902030 -2344.602000 2366.010500 0.000000 0.000000 0.000000 0.000000 1.000000
1704804284.155754 -2347.833100 2367.552800 0.000000 0.000000 0.000000 0.000000 1.000000
1704804284.409478 -2351.064200 2369.095100 0.000000 0.000000 0.000000 0.000000 1.000000
1704804284.663203 -2354.295300 2370.637400 0.000000 0.000000 0.000000 0.000000 1.000000
1704804284.916927 -2354.295300 2370.637400 0.000000 0.000000 0.000000 0.000000 1.000000
1704804285.170651 -2357.381600 2372.291400 0.000000 0.000000 0.000000 0.000000 1.000000
1704804285.424376 -2362.902000 2374.747900 0.000000 0.000000 0.000000 0.000000 1.000000
1704804285.678100 -2366.776300 2376.322300 0.000000 0.000000 0.000000 0.000000 1.000000
1704804285.931824 -2370.650600 2377.896700 0.000000 0.000000 0.000000 0.000000 1.000000
1704804286.185548 -2370.650600 2377.896700 0.000000 0.000000 0.000000 0.000000 1.000000
1704804286.439272 -2372.951000 2378.756500 0.000000 0.000000 0.000000 0.000000 1.000000
1704804286.692997 -2378.500700 2380.550100 0.000000 0.000000 0.000000 0.000000 1.000000
1704804286.946721 -2382.506800 2381.807800 0.000000 0.000000 0.000000 0.000000 1.000000
1704804287.200445 -2386.512800 2383.065400 0.000000 0.000000 0.000000 0.000000 1.000000
1704804287.454170 -2389.956000 2384.071300 0.000000 0.000000 0.000000 0.000000 1.000000
1704804287.707894 -2392.350300 2384.749200 0.000000 0.000000 0.000000 0.000000 1.000000
1704804287.961618 -2396.890000 2386.066800 0.000000 0.000000 0.000000 0.000000 1.000000
1704804288.215342 -2401.429700 2387.384400 0.000000 0.000000 0.000000 0.000000 1.000000
1704804288.469066 -2405.969500 2388.701900 0.000000 0.000000 0.000000 0.000000 1.000000
1704804288.722791 -2410.509200 2390.019500 0.000000 0.000000 0.000000 0.000000 1.000000
1704804288.976515 -2414.820600 2390.805900 0.000000 0.000000 0.000000 0.000000 1.000000
1704804289.230239 -2419.132000 2391.592200 0.000000 0.000000 0.000000 0.000000 1.000000
1704804289.483963 -2423.443500 2392.378600 0.000000 0.000000 0.000000 0.000000 1.000000
1704804289.737688 -2427.754900 2393.164900 0.000000 0.000000 0.000000 0.000000 1.000000
1704804289.991412 -2432.066300 2393.951300 0.000000 0.000000 0.000000 0.000000 1.000000
1704804290.245136 -2436.712600 2394.292100 0.000000 0.000000 0.000000 0.000000 1.000000
1704804290.498860 -2441.359000 2394.632900 0.000000 0.000000 0.000000 0.000000 1.000000
1704804290.752585 -2446.005300 2394.973700 0.000000 0.000000 0.000000 0.000000 1.000000
1704804291.006309 -2450.651700 2395.314500 0.000000 0.000000 0.000000 0.000000 1.000000
1704804291.260033 -2455.190800 2395.346500 0.000000 0.000000 0.000000 0.000000 1.000000
1704804291.513757 -2459.730000 2395.378600 0.000000 0.000000 0.000000 0.000000 1.000000
1704804291.767482 -2464.269100 2395.410600 0.000000 0.000000 0.000000 0.000000 1.000000
1704804292.021206 -2468.808300 2395.442600 0.000000 0.000000 0.000000 0.000000 1.000000
1704804292.274930 -2473.192000 2395.171500 0.000000 0.000000 0.000000 0.000000 1.000000
1704804292.528655 -2477.575700 2394.900300 0.000000 0.000000 0.000000 0.000000 1.000000
1704804292.782379 -2481.959400 2394.629200 0.000000 0.000000 0.000000 0.000000 1.000000
1704804293.036103 -2486.460600 2393.869900 0.000000 0.000000 0.000000 0.000000 1.000000
1704804293.289827 -2490.961900 2393.110700 0.000000 0.000000 0.000000 0.000000 1.000000
1704804293.543551 -2495.463100 2392.351400 0.000000 0.000000 0.000000 0.000000 1.000000
1704804293.797276 -2499.964400 2391.592200 0.000000 0.000000 0.000000 0.000000 1.000000
1704804294.051000 -2504.465600 2390.832900 0.000000 0.000000 0.000000 0.000000 1.000000
1704804294.304724 -2508.566900 2389.917800 0.000000 0.000000 0.000000 0.000000 1.000000
1704804294.558449 -2512.668100 2389.002600 0.000000 0.000000 0.000000 0.000000 1.000000
1704804294.812173 -2516.769400 2388.087500 0.000000 0.000000 0.000000 0.000000 1.000000
1704804295.065897 -2520.870700 2387.172300 0.000000 0.000000 0.000000 0.000000 1.000000
1704804295.319621 -2525.344800 2385.680900 0.000000 0.000000 0.000000 0.000000 1.000000
1704804295.573345 -2529.818900 2384.189600 0.000000 0.000000 0.000000 0.000000 1.000000
1704804295.827070 -2534.293000 2382.698200 0.000000 0.000000 0.000000 0.000000 1.000000
1704804296.080794 -2538.767100 2381.206800 0.000000 0.000000 0.000000 0.000000 1.000000
1704804296.334518 -2543.275100 2379.342600 0.000000 0.000000 0.000000 0.000000 1.000000
1704804296.588243 -2547.783100 2377.478400 0.000000 0.000000 0.000000 0.000000 1.000000
1704804296.841967 -2552.291100 2375.614200 0.000000 0.000000 0.000000 0.000000 1.000000
1704804297.095691 -2556.799100 2373.750000 0.000000 0.000000 0.000000 0.000000 1.000000
1704804297.349415 -2560.369400 2371.942300 0.000000 0.000000 0.000000 0.000000 1.000000
1704804297.603139 -2563.939600 2370.134500 0.000000 0.000000 0.000000 0.000000 1.000000
1704804297.856864 -2567.509900 2368.326800 0.000000 0.000000 0.000000 0.000000 1.000000
1704804298.110588 -2571.803200 2365.841200 0.000000 0.000000 0.000000 0.000000 1.000000
1704804298.364312 -2576.096600 2363.355500 0.000000 0.000000 0.000000 0.000000 1.000000
1704804298.618037 -2580.389900 2360.869900 0.000000 0.000000 0.000000 0.000000 1.000000
1704804298.871761 -2584.491200 2358.124400 0.000000 0.000000 0.000000 0.000000 1.000000
1704804299.125485 -2588.592400 2355.379000 0.000000 0.000000 0.000000 0.000000 1.000000
1704804299.379209 -2592.693700 2352.633500 0.000000 0.000000 0.000000 0.000000 1.000000
1704804299.632934 -2596.795000 2349.888000 0.000000 0.000000 0.000000 0.000000 1.000000
1704804299.886658 -2600.166600 2347.106200 0.000000 0.000000 0.000000 0.000000 1.000000
1704804300.140382 -2603.538200 2344.324400 0.000000 0.000000 0.000000 0.000000 1.000000
1704804300.394106 -2606.909900 2341.542600 0.000000 0.000000 0.000000 0.000000 1.000000
1704804300.647830 -2610.281500 2338.760800 0.000000 0.000000 0.000000 0.000000 1.000000
1704804300.901555 -2613.653100 2335.979000 0.000000 0.000000 0.000000 0.000000 1.000000
1704804301.155279 -2617.040700 2332.833400 0.000000 0.000000 0.000000 0.000000 1.000000
1704804301.409003 -2620.428400 2329.687700 0.000000 0.000000 0.000000 0.000000 1.000000
1704804301.662728 -2623.869800 2326.568900 0.000000 0.000000 0.000000 0.000000 1.000000
1704804301.916452 -2627.311200 2323.450200 0.000000 0.000000 0.000000 0.000000 1.000000
1704804302.170176 -2630.752600 2320.331400 0.000000 0.000000 0.000000 0.000000 1.000000
