1718263435.604729 0.000000 0.000000 0.000000 0.000000 0.000000 0.000000 1.000000
1718263435.941646 -1.950600 -4.368100 0.000000 0.000000 0.000000 0.000000 1.000000
1718263436.278562 -3.901300 -8.736200 0.000000 0.000000 0.000000 0.000000 1.000000
1718263436.615478 -5.851900 -13.104200 0.000000 0.000000 0.000000 0.000000 1.000000
1718263436.952395 -7.802500 -17.472300 0.000000 0.000000 0.000000 0.000000 1.000000
1718263437.289311 -9.753200 -21.840300 0.000000 0.000000 0.000000 0.000000 1.000000
1718263437.626227 -11.703800 -26.208400 0.000000 0.000000 0.000000 0.000000 1.000000
1718263437.963144 -13.654400 -30.576500 0.000000 0.000000 0.000000 0.000000 1.000000
1718263438.300060 -15.605100 -34.944500 0.000000 0.000000 0.000000 0.000000 1.000000
1718263438.636976 -17.555700 -39.312600 0.000000 0.000000 0.000000 0.000000 1.000000
1718263438.973892 -19.506300 -43.680600 0.000000 0.000000 0.000000 0.000000 1.000000
1718263439.310809 -21.456900 -48.048700 0.000000 0.000000 0.000000 0.000000 1.000000
1718263439.647725 -23.407600 -52.416800 0.000000 0.000000 0.000000 0.000000 1.000000
1718263439.984642 -25.358200 -56.784800 0.000000 0.000000 0.000000 0.000000 1.000000
1718263440.321558 -27.308800 -61.152900 0.000000 0.000000 0.000000 0.000000 1.000000
1718263440.658474 -29.259500 -65.520900 0.000000 0.000000 0.000000 0.000000 1.000000
1718263440.995390 -31.210100 -69.889000 0.000000 0.000000 0.000000 0.000000 1.000000
1718263441.332307 -32.851400 -73.565600 0.000000 0.000000 0.000000 0.000000 1.000000
1718263441.669223 -34.492700 -77.242200 0.000000 0.000000 0.000000 0.000000 1.000000
1718263442.006139 -36.134100 -80.918900 0.000000 0.000000 0.000000 0.000000 1.000000
1718263442.343056 -37.775400 -84.595500 0.000000 0.000000 0.000000 0.000000 1.000000
1718263442.679972 -39.416700 -88.272100 0.000000 0.000000 0.000000 0.000000 1.000000
1718263443.016888 -39.416700 -88.272100 0.000000 0.000000 0.000000 0.000000 1.000000
1718263443.353805 -41.262400 -92.406600 0.000000 0.000000 0.000000 0.000000 1.000000
1718263443.690721 -41.262400 -92.406600 0.000000 0.000000 0.000000 0.000000 1.000000
1718263444.027637 -43.614300 -96.639900 0.000000 0.000000 0.000000 0.000000 1.000000
1718263444.364554 -43.614300 -96.639900 0.000000 0.000000 0.000000 0.000000 1.000000
1718263444.701470 -46.906900 -98.991800 0.000000 0.000000 0.000000 0.000000 1.000000
1718263445.038386 -46.906900 -98.991800 0.000000 0.000000 0.000000 0.000000 1.000000
1718263445.375303 -50.905000 -101.578800 0.000000 0.000000 0.000000 0.000000 1.000000
1718263445.712219 -53.609600 -102.166700 0.000000 0.000000 0.000000 0.000000 1.000000
1718263446.049135 -56.314300 -102.754700 0.000000 0.000000 0.000000 0.000000 1.000000
1718263446.386051 -59.616600 -103.910700 0.000000 0.000000 0.000000 0.000000 1.000000
1718263446.722968 -62.918900 -105.066700 0.000000 0.000000 0.000000 0.000000 1.000000
1718263447.059884 -66.221200 -106.222700 0.000000 0.000000 0.000000 0.000000 1.000000
1718263447.396801 -69.969600 -107.428500 0.000000 0.000000 0.000000 0.000000 1.000000
1718263447.733717 -73.718000 -108.634400 0.000000 0.000000 0.000000 0.000000 1.000000
1718263448.070633 -77.947400 -109.716400 0.000000 0.000000 0.000000 0.000000 1.000000
1718263448.407549 -82.176900 -110.798500 0.000000 0.000000 0.000000 0.000000 1.000000
1718263448.744466 -86.406300 -111.880500 0.000000 0.000000 0.000000 0.000000 1.000000
1718263449.081382 -90.635700 -112.962500 0.000000 0.000000 0.000000 0.000000 1.000000
1718263449.418298 -94.865100 -114.044500 0.000000 0.000000 0.000000 0.000000 1.000000
1718263449.755215 -99.094600 -115.126600 0.000000 0.000000 0.000000 0.000000 1.000000
1718263450.092131 -103.324000 -116.208600 0.000000 0.000000 0.000000 0.000000 1.000000
1718263450.429047 -105.814500 -120.190200 0.000000 0.000000 0.000000 0.000000 1.000000
1718263450.765964 -108.305000 -124.171700 0.000000 0.000000 0.000000 0.000000 1.000000
1718263451.102880 -110.795500 -128.153300 0.000000 0.000000 0.000000 0.000000 1.000000
1718263451.439796 -113.286000 -132.134800 0.000000 0.000000 0.000000 0.000000 1.000000
1718263451.776712 -115.776500 -136.116400 0.000000 0.000000 0.000000 0.000000 1.000000
1718263452.113629 -118.267000 -140.098000 0.000000 0.000000 0.000000 0.000000 1.000000
1718263452.450545 -120.757500 -144.079500 0.000000 0.000000 0.000000 0.000000 1.000000
1718263452.787462 -123.248000 -148.061100 0.000000 0.000000 0.000000 0.000000 1.000000
1718263453.124378 -125.738500 -152.042700 0.000000 0.000000 0.000000 0.000000 1.000000
1718263453.461294 -128.229000 -156.024200 0.000000 0.000000 0.000000 0.000000 1.000000
1718263453.798210 -130.719500 -160.005800 0.000000 0.000000 0.000000 0.000000 1.000000
1718263454.135127 -133.210000 -163.987300 0.000000 0.000000 0.000000 0.000000 1.000000
1718263454.472043 -135.700500 -167.968900 0.000000 0.000000 0.000000 0.000000 1.000000
1718263454.808959 -138.934400 -171.574300 0.000000 0.000000 0.000000 0.000000 1.000000
1718263455.145876 -142.168200 -175.179800 0.000000 0.000000 0.000000 0.000000 1.000000
1718263455.482792 -145.402100 -178.785200 0.000000 0.000000 0.000000 0.000000 1.000000
1718263455.819708 -148.635900 -182.390600 0.000000 0.000000 0.000000 0.000000 1.000000
1718263456.156625 -151.869800 -185.996000 0.000000 0.000000 0.000000 0.000000 1.000000
1718263456.493541 -155.103600 -189.601500 0.000000 0.000000 0.000000 0.000000 1.000000
1718263456.830457 -158.337500 -193.206900 0.000000 0.000000 0.000000 0.000000 1.000000
1718263457.167373 -161.714900 -196.794600 0.000000 0.000000 0.000000 0.000000 1.000000
1718263457.504290 -165.092400 -200.382300 0.000000 0.000000 0.000000 0.000000 1.000000
1718263457.841206 -168.469800 -203.970100 0.000000 0.000000 0.000000 0.000000 1.000000
1718263458.178123 -171.847300 -207.557800 0.000000 0.000000 0.000000 0.000000 1.000000
1718263458.515039 -175.224700 -211.145500 0.000000 0.000000 0.000000 0.000000 1.000000
1718263458.851955 -178.602200 -214.733200 0.000000 0.000000 0.000000 0.000000 1.000000
1718263459.188871 -181.979600 -218.321000 0.000000 0.000000 0.000000 0.000000 1.000000
1718263459.525788 -185.357100 -221.908700 0.000000 0.000000 0.000000 0.000000 1.000000
1718263459.862704 -188.734500 -225.496400 0.000000 0.000000 0.000000 0.000000 1.000000
1718263460.199620 -192.112000 -229.084100 0.000000 0.000000 0.000000 0.000000 1.000000
1718263460.536537 -195.489400 -232.671900 0.000000 0.000000 0.000000 0.000000 1.000000
1718263460.873453 -198.866900 -236.259600 0.000000 0.000000 0.000000 0.000000 1.000000
1718263461.210369 -202.244300 -239.847300 0.000000 0.000000 0.000000 0.000000 1.000000
1718263461.547286 -205.621800 -243.435000 0.000000 0.000000 0.000000 0.000000 1.000000
1718263461.884202 -208.999200 -247.022800 0.000000 0.000000 0.000000 0.000000 1.000000
1718263462.221118 -212.376600 -250.610500 0.000000 0.000000 0.000000 0.000000 1.000000
1718263462.558034 -215.754100 -254.198200 0.000000 0.000000 0.000000 0.000000 1.000000
1718263462.894951 -219.131500 -257.785900 0.000000 0.000000 0.000000 0.000000 1.000000
1718263463.231867 -222.509000 -261.373600 0.000000 0.000000 0.000000 0.000000 1.000000
1718263463.568784 -225.886400 -264.961400 0.000000 0.000000 0.000000 0.000000 1.000000
1718263463.905700 -229.263900 -268.549100 0.000000 0.000000 0.000000 0.000000 1.000000
1718263464.242616 -232.641300 -272.136800 0.000000 0.000000 0.000000 0.000000 1.000000
1718263464.579532 -236.018800 -275.724500 0.000000 0.000000 0.000000 0.000000 1.000000
1718263464.916449 -239.396200 -279.312300 0.000000 0.000000 0.000000 0.000000 1.000000
1718263465.253365 -242.773700 -282.900000 0.000000 0.000000 0.000000 0.000000 1.000000
1718263465.590281 -246.151100 -286.487700 0.000000 0.000000 0.000000 0.000000 1.000000
1718263465.927198 -249.528600 -290.075400 0.000000 0.000000 0.000000 0.000000 1.000000
1718263466.264114 -252.906000 -293.663200 0.000000 0.000000 0.000000 0.000000 1.000000
1718263466.601030 -256.283500 -297.250900 0.000000 0.000000 0.000000 0.000000 1.000000
1718263466.937947 -259.660900 -300.838600 0.000000 0.000000 0.000000 0.000000 1.000000
1718263467.274863 -263.038400 -304.426300 0.000000 0.000000 0.000000 0.000000 1.000000
1718263467.611779 -266.415800 -308.014000 0.000000 0.000000 0.000000 0.000000 1.000000
1718263467.948696 -269.793200 -311.601800 0.000000 0.000000 0.000000 0.000000 1.000000
1718263468.285612 -273.170700 -315.189500 0.000000 0.000000 0.000000 0.000000 1.000000
1718263468.622528 -276.548100 -318.777200 0.000000 0.000000 0.000000 0.000000 1.000000
1718263468.959445 -279.925600 -322.364900 0.000000 0.000000 0.000000 0.000000 1.000000
1718263469.296361 -283.303000 -325.952700 0.000000 0.000000 0.000000 0.000000 1.000000
1718263469.633277 -286.680500 -329.540400 0.000000 0.000000 0.000000 0.000000 1.000000
1718263469.970193 -290.057900 -333.128100 0.000000 0.000000 0.000000 0.000000 1.000000
1718263470.307110 -293.435400 -336.715800 0.000000 0.000000 0.000000 0.000000 1.000000
1718263470.644026 -296.812800 -340.303600 0.000000 0.000000 0.000000 0.000000 1.000000
1718263470.980942 -300.190300 -343.891300 0.000000 0.000000 0.000000 0.000000 1.000000
1718263471.317859 -303.567700 -347.479000 0.000000 0.000000 0.000000 0.000000 1.000000
1718263471.654775 -306.945200 -351.066700 0.000000 0.000000 0.000000 0.000000 1.000000
1718263471.991691 -310.322600 -354.654500 0.000000 0.000000 0.000000 0.000000 1.000000
1718263472.328608 -313.700100 -358.242200 0.000000 0.000000 0.000000 0.000000 1.000000
1718263472.665524 -317.077500 -361.829900 0.000000 0.000000 0.000000 0.000000 1.000000
1718263473.002440 -320.050900 -365.230700 0.000000 0.000000 0.000000 0.000000 1.000000
1718263473.339357 -323.024300 -368.631500 0.000000 0.000000 0.000000 0.000000 1.000000
1718263473.676273 -325.997700 -372.032300 0.000000 0.000000 0.000000 0.000000 1.000000
1718263474.013189 -328.971100 -375.433100 0.000000 0.000000 0.000000 0.000000 1.000000
1718263474.350106 -331.944500 -378.833900 0.000000 0.000000 0.000000 0.000000 1.000000
1718263474.687022 -335.130100 -382.459800 0.000000 0.000000 0.000000 0.000000 1.000000
1718263475.023938 -338.315700 -386.085600 0.000000 0.000000 0.000000 0.000000 1.000000
1718263475.360854 -341.501300 -389.711500 0.000000 0.000000 0.000000 0.000000 1.000000
1718263475.697771 -344.346100 -392.949500 0.000000 0.000000 0.000000 0.000000 1.000000
1718263476.034687 -346.715100 -395.645900 0.000000 0.000000 0.000000 0.000000 1.000000
1718263476.371603 -349.389700 -398.978200 0.000000 0.000000 0.000000 0.000000 1.000000
1718263476.708520 -352.064200 -402.310400 0.000000 0.000000 0.000000 0.000000 1.000000
1718263477.045436 -354.738800 -405.642700 0.000000 0.000000 0.000000 0.000000 1.000000
1718263477.382352 -357.632600 -409.391500 0.000000 0.000000 0.000000 0.000000 1.000000
1718263477.719269 -360.526400 -413.140300 0.000000 0.000000 0.000000 0.000000 1.000000
1718263478.056185 -363.420200 -416.889100 0.000000 0.000000 0.000000 0.000000 1.000000
1718263478.393101 -366.314000 -420.637900 0.000000 0.000000 0.000000 0.000000 1.000000
1718263478.730018 -369.207800 -424.386700 0.000000 0.000000 0.000000 0.000000 1.000000
1718263479.066934 -372.101600 -428.135500 0.000000 0.000000 0.000000 0.000000 1.000000
1718263479.403850 -374.995400 -431.884300 0.000000 0.000000 0.000000 0.000000 1.000000
1718263479.740767 -377.889200 -435.633100 0.000000 0.000000 0.000000 0.000000 1.000000
1718263480.077683 -380.898100 -439.332600 0.000000 0.000000 0.000000 0.000000 1.000000
1718263480.414599 -383.907000 -443.032000 0.000000 0.000000 0.000000 0.000000 1.000000
1718263480.751515 -386.915900 -446.731500 0.000000 0.000000 0.000000 0.000000 1.000000
1718263481.088432 -389.924800 -450.430900 0.000000 0.000000 0.000000 0.000000 1.000000
1718263481.425348 -392.933700 -454.130400 0.000000 0.000000 0.000000 0.000000 1.000000
1718263481.762264 -395.942600 -457.829900 0.000000 0.000000 0.000000 0.000000 1.000000
1718263482.099181 -398.951500 -461.529300 0.000000 0.000000 0.000000 0.000000 1.000000
1718263482.436097 -401.960400 -465.228800 0.000000 0.000000 0.000000 0.000000 1.000000
1718263482.773013 -405.181600 -469.019300 0.000000 0.000000 0.000000 0.000000 1.000000
1718263483.109930 -408.402900 -472.809800 0.000000 0.000000 0.000000 0.000000 1.000000
1718263483.446846 -411.624100 -476.600300 0.000000 0.000000 0.000000 0.000000 1.000000
1718263483.783762 -414.845400 -480.390800 0.000000 0.000000 0.000000 0.000000 1.000000
1718263484.120679 -418.066600 -484.181300 0.000000 0.000000 0.000000 0.000000 1.000000
1718263484.457595 -421.287900 -487.971900 0.000000 0.000000 0.000000 0.000000 1.000000
1718263484.794511 -424.509100 -491.762400 0.000000 0.000000 0.000000 0.000000 1.000000
1718263485.131428 -427.730300 -495.552900 0.000000 0.000000 0.000000 0.000000 1.000000
1718263485.468344 -430.951600 -499.343400 0.000000 0.000000 0.000000 0.000000 1.000000
1718263485.805260 -434.172800 -503.133900 0.000000 0.000000 0.000000 0.000000 1.000000
1718263486.142177 -437.394100 -506.924400 0.000000 0.000000 0.000000 0.000000 1.000000
1718263486.479093 -440.615300 -510.714900 0.000000 0.000000 0.000000 0.000000 1.000000
1718263486.816009 -443.836600 -514.505400 0.000000 0.000000 0.000000 0.000000 1.000000
1718263487.152925 -447.057800 -518.295900 0.000000 0.000000 0.000000 0.000000 1.000000
1718263487.489842 -450.279000 -522.086400 0.000000 0.000000 0.000000 0.000000 1.000000
1718263487.826758 -453.500300 -525.877000 0.000000 0.000000 0.000000 0.000000 1.000000
1718263488.163674 -456.721500 -529.667500 0.000000 0.000000 0.000000 0.000000 1.000000
1718263488.500591 -459.942800 -533.458000 0.000000 0.000000 0.000000 0.000000 1.000000
1718263488.837507 -463.164000 -537.248500 0.000000 0.000000 0.000000 0.000000 1.000000
1718263489.174423 -466.385300 -541.039000 0.000000 0.000000 0.000000 0.000000 1.000000
1718263489.511340 -469.606500 -544.829500 0.000000 0.000000 0.000000 0.000000 1.000000
1718263489.848256 -472.827800 -548.620000 0.000000 0.000000 0.000000 0.000000 1.000000
1718263490.185172 -476.049000 -552.410500 0.000000 0.000000 0.000000 0.000000 1.000000
1718263490.522089 -479.270200 -556.201000 0.000000 0.000000 0.000000 0.000000 1.000000
1718263490.859005 -482.491500 -559.991500 0.000000 0.000000 0.000000 0.000000 1.000000
1718263491.195921 -485.712700 -563.782100 0.000000 0.000000 0.000000 0.000000 1.000000
1718263491.532838 -488.934000 -567.572600 0.000000 0.000000 0.000000 0.000000 1.000000
1718263491.869754 -492.155200 -571.363100 0.000000 0.000000 0.000000 0.000000 1.000000
1718263492.206670 -495.376500 -575.153600 0.000000 0.000000 0.000000 0.000000 1.000000
1718263492.543586 -498.597700 -578.944100 0.000000 0.000000 0.000000 0.000000 1.000000
1718263492.880503 -501.858600 -582.721000 0.000000 0.000000 0.000000 0.000000 1.000000
1718263493.217419 -505.119400 -586.497900 0.000000 0.000000 0.000000 0.000000 1.000000
1718263493.554335 -508.380300 -590.274800 0.000000 0.000000 0.000000 0.000000 1.000000
1718263493.891252 -511.641100 -594.051800 0.000000 0.000000 0.000000 0.000000 1.000000
1718263494.228168 -514.902000 -597.828700 0.000000 0.000000 0.000000 0.000000 1.000000
1718263494.565084 -518.162800 -601.605600 0.000000 0.000000 0.000000 0.000000 1.000000
1718263494.902001 -521.423700 -605.382500 0.000000 0.000000 0.000000 0.000000 1.000000
1718263495.238917 -524.684600 -609.159400 0.000000 0.000000 0.000000 0.000000 1.000000
1718263495.575833 -527.945400 -612.936300 0.000000 0.000000 0.000000 0.000000 1.000000
1718263495.912750 -531.206300 -616.713200 0.000000 0.000000 0.000000 0.000000 1.000000
1718263496.249666 -534.467100 -620.490100 0.000000 0.000000 0.000000 0.000000 1.000000
1718263496.586582 -537.728000 -624.267100 0.000000 0.000000 0.000000 0.000000 1.000000
1718263496.923499 -540.988800 -628.044000 0.000000 0.000000 0.000000 0.000000 1.000000
1718263497.260415 -544.249700 -631.820900 0.000000 0.000000 0.000000 0.000000 1.000000
1718263497.597331 -547.510500 -635.597800 0.000000 0.000000 0.000000 0.000000 1.000000
1718263497.934247 -550.771400 -639.374700 0.000000 0.000000 0.000000 0.000000 1.000000
1718263498.271164 -554.032300 -643.151600 0.000000 0.000000 0.000000 0.000000 1.000000
1718263498.608080 -557.293100 -646.928500 0.000000 0.000000 0.000000 0.000000 1.000000
1718263498.944996 -560.554000 -650.705500 0.000000 0.000000 0.000000 0.000000 1.000000
1718263499.281913 -563.814800 -654.482400 0.000000 0.000000 0.000000 0.000000 1.000000
1718263499.618829 -567.075700 -658.259300 0.000000 0.000000 0.000000 0.000000 1.000000
1718263499.955745 -570.336500 -662.036200 0.000000 0.000000 0.000000 0.000000 1.000000
1718263500.292662 -573.597400 -665.813100 0.000000 0.000000 0.000000 0.000000 1.000000
1718263500.629578 -576.858300 -669.590000 0.000000 0.000000 0.000000 0.000000 1.000000
1718263500.966494 -580.119100 -673.366900 0.000000 0.000000 0.000000 0.000000 1.000000
1718263501.303411 -583.380000 -677.143900 0.000000 0.000000 0.000000 0.000000 1.000000
1718263501.640327 -586.640800 -680.920800 0.000000 0.000000 0.000000 0.000000 1.000000
1718263501.977243 -589.901700 -684.697700 0.000000 0.000000 0.000000 0.000000 1.000000
1718263502.314160 -593.162500 -688.474600 0.000000 0.000000 0.000000 0.000000 1.000000
1718263502.651076 -596.423400 -692.251500 0.000000 0.000000 0.000000 0.000000 1.000000
1718263502.987992 -599.684200 -696.028400 0.000000 0.000000 0.000000 0.000000 1.000000
1718263503.324908 -602.945100 -699.805300 0.000000 0.000000 0.000000 0.000000 1.000000
1718263503.661825 -606.206000 -703.582200 0.000000 0.000000 0.000000 0.000000 1.000000
1718263503.998741 -609.466800 -707.359200 0.000000 0.000000 0.000000 0.000000 1.000000
1718263504.335658 -612.727700 -711.136100 0.000000 0.000000 0.000000 0.000000 1.000000
1718263504.672574 -615.988500 -714.913000 0.000000 0.000000 0.000000 0.000000 1.000000
1718263505.009490 -619.249400 -718.689900 0.000000 0.000000 0.000000 0.000000 1.000000
1718263505.346406 -622.510200 -722.466800 0.000000 0.000000 0.000000 0.000000 1.000000
1718263505.683323 -625.771100 -726.243700 0.000000 0.000000 0.000000 0.000000 1.000000
1718263506.020239 -629.032000 -730.020600 0.000000 0.000000 0.000000 0.000000 1.000000
1718263506.357155 -632.292800 -733.797600 0.000000 0.000000 0.000000 0.000000 1.000000
1718263506.694072 -635.553700 -737.574500 0.000000 0.000000 0.000000 0.000000 1.000000
1718263507.030988 -638.814500 -741.351400 0.000000 0.000000 0.000000 0.000000 1.000000
1718263507.367904 -642.075400 -745.128300 0.000000 0.000000 0.000000 0.000000 1.000000
1718263507.704821 -645.336200 -748.905200 0.000000 0.000000 0.000000 0.000000 1.000000
1718263508.041737 -648.597100 -752.682100 0.000000 0.000000 0.000000 0.000000 1.000000
1718263508.378653 -651.858000 -756.459000 0.000000 0.000000 0.000000 0.000000 1.000000
1718263508.715569 -655.118800 -760.236000 0.000000 0.000000 0.000000 0.000000 1.000000
1718263509.052486 -658.379700 -764.012900 0.000000 0.000000 0.000000 0.000000 1.000000
1718263509.389402 -661.640500 -767.789800 0.000000 0.000000 0.000000 0.000000 1.000000
1718263509.726319 -664.901400 -771.566700 0.000000 0.000000 0.000000 0.000000 1.000000
1718263510.063235 -668.162200 -775.343600 0.000000 0.000000 0.000000 0.000000 1.000000
1718263510.400151 -671.423100 -779.120500 0.000000 0.000000 0.000000 0.000000 1.000000
1718263510.737067 -674.683900 -782.897400 0.000000 0.000000 0.000000 0.000000 1.000000
1718263511.073984 -677.944800 -786.674300 0.000000 0.000000 0.000000 0.000000 1.000000
1718263511.410900 -681.205700 -790.451300 0.000000 0.000000 0.000000 0.000000 1.000000
1718263511.747816 -684.466500 -794.228200 0.000000 0.000000 0.000000 0.000000 1.000000
1718263512.084733 -687.727400 -798.005100 0.000000 0.000000 0.000000 0.000000 1.000000
1718263512.421649 -690.988200 -801.782000 0.000000 0.000000 0.000000 0.000000 1.000000
1718263512.758565 -694.249100 -805.558900 0.000000 0.000000 0.000000 0.000000 1.000000
1718263513.095482 -697.509900 -809.335800 0.000000 0.000000 0.000000 0.000000 1.000000
1718263513.432398 -700.770800 -813.112700 0.000000 0.000000 0.000000 0.000000 1.000000
1718263513.769314 -704.031700 -816.889700 0.000000 0.000000 0.000000 0.000000 1.000000
1718263514.106230 -707.292500 -820.666600 0.000000 0.000000 0.000000 0.000000 1.000000
1718263514.443147 -710.553400 -824.443500 0.000000 0.000000 0.000000 0.000000 1.000000
1718263514.780063 -713.814200 -828.220400 0.000000 0.000000 0.000000 0.000000 1.000000
1718263515.116980 -717.075100 -831.997300 0.000000 0.000000 0.000000 0.000000 1.000000
1718263515.453896 -720.335900 -835.774200 0.000000 0.000000 0.000000 0.000000 1.000000
1718263515.790812 -723.596800 -839.551100 0.000000 0.000000 0.000000 0.000000 1.000000
1718263516.127728 -726.857700 -843.328100 0.000000 0.000000 0.000000 0.000000 1.000000
1718263516.464645 -730.118500 -847.105000 0.000000 0.000000 0.000000 0.000000 1.000000
1718263516.801561 -733.379400 -850.881900 0.000000 0.000000 0.000000 0.000000 1.000000
1718263517.138477 -736.640200 -854.658800 0.000000 0.000000 0.000000 0.000000 1.000000
1718263517.475394 -739.901100 -858.435700 0.000000 0.000000 0.000000 0.000000 1.000000
1718263517.812310 -743.161900 -862.212600 0.000000 0.000000 0.000000 0.000000 1.000000
1718263518.149226 -746.422800 -865.989500 0.000000 0.000000 0.000000 0.000000 1.000000
1718263518.486143 -749.683600 -869.766400 0.000000 0.000000 0.000000 0.000000 1.000000
1718263518.823059 -752.944500 -873.543400 0.000000 0.000000 0.000000 0.000000 1.000000
1718263519.159975 -756.205400 -877.320300 0.000000 0.000000 0.000000 0.000000 1.000000
1718263519.496891 -759.466200 -881.097200 0.000000 0.000000 0.000000 0.000000 1.000000
1718263519.833808 -762.727100 -884.874100 0.000000 0.000000 0.000000 0.000000 1.000000
1718263520.170724 -765.987900 -888.651000 0.000000 0.000000 0.000000 0.000000 1.000000
1718263520.507641 -769.248800 -892.427900 0.000000 0.000000 0.000000 0.000000 1.000000
1718263520.844557 -772.509600 -896.204800 0.000000 0.000000 0.000000 0.000000 1.000000
1718263521.181473 -775.770500 -899.981800 0.000000 0.000000 0.000000 0.000000 1.000000
1718263521.518389 -779.031400 -903.758700 0.000000 0.000000 0.000000 0.000000 1.000000
1718263521.855306 -782.292200 -907.535600 0.000000 0.000000 0.000000 0.000000 1.000000
1718263522.192222 -785.553100 -911.312500 0.000000 0.000000 0.000000 0.000000 1.000000
1718263522.529138 -788.813900 -915.089400 0.000000 0.000000 0.000000 0.000000 1.000000
1718263522.866055 -792.074800 -918.866300 0.000000 0.000000 0.000000 0.000000 1.000000
1718263523.202971 -795.335600 -922.643200 0.000000 0.000000 0.000000 0.000000 1.000000
1718263523.539887 -798.596500 -926.420200 0.000000 0.000000 0.000000 0.000000 1.000000
1718263523.876804 -801.857300 -930.197100 0.000000 0.000000 0.000000 0.000000 1.000000
1718263524.213720 -805.118200 -933.974000 0.000000 0.000000 0.000000 0.000000 1.000000
1718263524.550636 -808.379100 -937.750900 0.000000 0.000000 0.000000 0.000000 1.000000
1718263524.887553 -811.639900 -941.527800 0.000000 0.000000 0.000000 0.000000 1.000000
1718263525.224469 -814.900800 -945.304700 0.000000 0.000000 0.000000 0.000000 1.000000
1718263525.561385 -818.161600 -949.081600 0.000000 0.000000 0.000000 0.000000 1.000000
1718263525.898302 -821.422500 -952.858500 0.000000 0.000000 0.000000 0.000000 1.000000
1718263526.235218 -824.683300 -956.635500 0.000000 0.000000 0.000000 0.000000 1.000000
1718263526.572134 -827.944200 -960.412400 0.000000 0.000000 0.000000 0.000000 1.000000
1718263526.909050 -831.205100 -964.189300 0.000000 0.000000 0.000000 0.000000 1.000000
1718263527.245967 -834.465900 -967.966200 0.000000 0.000000 0.000000 0.000000 1.000000
1718263527.582883 -837.726800 -971.743100 0.000000 0.000000 0.000000 0.000000 1.000000
1718263527.919800 -840.987600 -975.520000 0.000000 0.000000 0.000000 0.000000 1.000000
1718263528.256716 -844.248500 -979.296900 0.000000 0.000000 0.000000 0.000000 1.000000
1718263528.593632 -847.509300 -983.073900 0.000000 0.000000 0.000000 0.000000 1.000000
1718263528.930548 -850.770200 -986.850800 0.000000 0.000000 0.000000 0.000000 1.000000
1718263529.267465 -854.031100 -990.627700 0.000000 0.000000 0.000000 0.000000 1.000000
1718263529.604381 -857.291900 -994.404600 0.000000 0.000000 0.000000 0.000000 1.000000
1718263529.941297 -860.552800 -998.181500 0.000000 0.000000 0.000000 0.000000 1.000000
1718263530.278214 -863.813600 -1001.958400 0.000000 0.000000 0.000000 0.000000 1.000000
1718263530.615130 -867.074500 -1005.735300 0.000000 0.000000 0.000000 0.000000 1.000000
1718263530.952046 -870.335300 -1009.512300 0.000000 0.000000 0.000000 0.000000 1.000000
1718263531.288963 -873.596200 -1013.289200 0.000000 0.000000 0.000000 0.000000 1.000000
1718263531.625879 -876.857000 -1017.066100 0.000000 0.000000 0.000000 0.000000 1.000000
1718263531.962795 -880.117900 -1020.843000 0.000000 0.000000 0.000000 0.000000 1.000000
1718263532.299711 -883.378800 -1024.619900 0.000000 0.000000 0.000000 0.000000 1.000000
1718263532.636628 -886.639600 -1028.396800 0.000000 0.000000 0.000000 0.000000 1.000000
1718263532.973544 -889.900500 -1032.173700 0.000000 0.000000 0.000000 0.000000 1.000000
1718263533.310461 -893.161300 -1035.950600 0.000000 0.000000 0.000000 0.000000 1.000000
1718263533.647377 -896.422200 -1039.727600 0.000000 0.000000 0.000000 0.000000 1.000000
1718263533.984293 -899.683000 -1043.504500 0.000000 0.000000 0.000000 0.000000 1.000000
1718263534.321209 -902.943900 -1047.281400 0.000000 0.000000 0.000000 0.000000 1.000000
1718263534.658126 -906.204800 -1051.058300 0.000000 0.000000 0.000000 0.000000 1.000000
1718263534.995042 -909.465600 -1054.835200 0.000000 0.000000 0.000000 0.000000 1.000000
1718263535.331958 -912.726500 -1058.612100 0.000000 0.000000 0.000000 0.000000 1.000000
1718263535.668875 -915.987300 -1062.389000 0.000000 0.000000 0.000000 0.000000 1.000000
1718263536.005791 -919.248200 -1066.166000 0.000000 0.000000 0.000000 0.000000 1.000000
1718263536.342707 -922.509000 -1069.942900 0.000000 0.000000 0.000000 0.000000 1.000000
1718263536.679624 -925.769900 -1073.719800 0.000000 0.000000 0.000000 0.000000 1.000000
1718263537.016540 -929.030700 -1077.496700 0.000000 0.000000 0.000000 0.000000 1.000000
1718263537.353456 -932.291600 -1081.273600 0.000000 0.000000 0.000000 0.000000 1.000000
1718263537.690372 -935.552500 -1085.050500 0.000000 0.000000 0.000000 0.000000 1.000000
1718263538.027289 -938.813300 -1088.827400 0.000000 0.000000 0.000000 0.000000 1.000000
1718263538.364205 -942.074200 -1092.604400 0.000000 0.000000 0.000000 0.000000 1.000000
1718263538.701122 -945.335000 -1096.381300 0.000000 0.000000 0.000000 0.000000 1.000000
1718263539.038038 -948.595900 -1100.158200 0.000000 0.000000 0.000000 0.000000 1.000000
1718263539.374954 -951.856700 -1103.935100 0.000000 0.000000 0.000000 0.000000 1.000000
1718263539.711870 -955.117600 -1107.712000 0.000000 0.000000 0.000000 0.000000 1.000000
1718263540.048787 -958.378500 -1111.488900 0.000000 0.000000 0.000000 0.000000 1.000000
1718263540.385703 -961.639300 -1115.265800 0.000000 0.000000 0.000000 0.000000 1.000000
1718263540.722619 -964.900200 -1119.042700 0.000000 0.000000 0.000000 0.000000 1.000000
1718263541.059536 -968.161000 -1122.819700 0.000000 0.000000 0.000000 0.000000 1.000000
1718263541.396452 -971.421900 -1126.596600 0.000000 0.000000 0.000000 0.000000 1.000000
1718263541.733368 -974.682700 -1130.373500 0.000000 0.000000 0.000000 0.000000 1.000000
1718263542.070285 -977.943600 -1134.150400 0.000000 0.000000 0.000000 0.000000 1.000000
1718263542.407201 -981.204500 -1137.927300 0.000000 0.000000 0.000000 0.000000 1.000000
1718263542.744117 -984.465300 -1141.704200 0.000000 0.000000 0.000000 0.000000 1.000000
1718263543.081034 -987.726200 -1145.481100 0.000000 0.000000 0.000000 0.000000 1.000000
1718263543.417950 -990.987000 -1149.258100 0.000000 0.000000 0.000000 0.000000 1.000000
1718263543.754866 -994.247900 -1153.035000 0.000000 0.000000 0.000000 0.000000 1.000000
1718263544.091783 -997.508700 -1156.811900 0.000000 0.000000 0.000000 0.000000 1.000000
1718263544.428699 -1000.769600 -1160.588800 0.000000 0.000000 0.000000 0.000000 1.000000
1718263544.765615 -1004.030400 -1164.365700 0.000000 0.000000 0.000000 0.000000 1.000000
1718263545.102531 -1007.291300 -1168.142600 0.000000 0.000000 0.000000 0.000000 1.000000
1718263545.439448 -1010.552200 -1171.919500 0.000000 0.000000 0.000000 0.000000 1.000000
1718263545.776364 -1013.813000 -1175.696500 0.000000 0.000000 0.000000 0.000000 1.000000
1718263546.113281 -1017.073900 -1179.473400 0.000000 0.000000 0.000000 0.000000 1.000000
1718263546.450197 -1020.334700 -1183.250300 0.000000 0.000000 0.000000 0.000000 1.000000
1718263546.787113 -1023.595600 -1187.027200 0.000000 0.000000 0.000000 0.000000 1.000000
1718263547.124029 -1026.856400 -1190.804100 0.000000 0.000000 0.000000 0.000000 1.000000
1718263547.460946 -1030.117300 -1194.581000 0.000000 0.000000 0.000000 0.000000 1.000000
1718263547.797862 -1033.378200 -1198.357900 0.000000 0.000000 0.000000 0.000000 1.000000
1718263548.134778 -1036.639000 -1202.134800 0.000000 0.000000 0.000000 0.000000 1.000000
1718263548.471695 -1039.899900 -1205.911800 0.000000 0.000000 0.000000 0.000000 1.000000
1718263548.808611 -1043.160700 -1209.688700 0.000000 0.000000 0.000000 0.000000 1.000000
1718263549.145527 -1046.421600 -1213.465600 0.000000 0.000000 0.000000 0.000000 1.000000
1718263549.482444 -1049.682400 -1217.242500 0.000000 0.000000 0.000000 0.000000 1.000000
1718263549.819360 -1052.943300 -1221.019400 0.000000 0.000000 0.000000 0.000000 1.000000
1718263550.156276 -1056.204200 -1224.796300 0.000000 0.000000 0.000000 0.000000 1.000000
1718263550.493192 -1059.465000 -1228.573200 0.000000 0.000000 0.000000 0.000000 1.000000
1718263550.830109 -1062.725900 -1232.350200 0.000000 0.000000 0.000000 0.000000 1.000000
1718263551.167025 -1065.986700 -1236.127100 0.000000 0.000000 0.000000 0.000000 1.000000
1718263551.503942 -1069.247600 -1239.904000 0.000000 0.000000 0.000000 0.000000 1.000000
1718263551.840858 -1072.508400 -1243.680900 0.000000 0.000000 0.000000 0.000000 1.000000
1718263552.177774 -1075.769300 -1247.457800 0.000000 0.000000 0.000000 0.000000 1.000000
1718263552.514690 -1079.030100 -1251.234700 0.000000 0.000000 0.000000 0.000000 1.000000
1718263552.851607 -1082.291000 -1255.011600 0.000000 0.000000 0.000000 0.000000 1.000000
1718263553.188523 -1085.551900 -1258.788600 0.000000 0.000000 0.000000 0.000000 1.000000
1718263553.525439 -1088.812700 -1262.565500 0.000000 0.000000 0.000000 0.000000 1.000000
1718263553.862356 -1092.073600 -1266.342400 0.000000 0.000000 0.000000 0.000000 1.000000
1718263554.199272 -1095.334400 -1270.119300 0.000000 0.000000 0.000000 0.000000 1.000000
1718263554.536188 -1098.595300 -1273.896200 0.000000 0.000000 0.000000 0.000000 1.000000
1718263554.873105 -1101.856100 -1277.673100 0.000000 0.000000 0.000000 0.000000 1.000000
1718263555.210021 -1105.117000 -1281.450000 0.000000 0.000000 0.000000 0.000000 1.000000
1718263555.546937 -1108.377900 -1285.226900 0.000000 0.000000 0.000000 0.000000 1.000000
1718263555.883853 -1111.638700 -1289.003900 0.000000 0.000000 0.000000 0.000000 1.000000
1718263556.220770 -1114.899600 -1292.780800 0.000000 0.000000 0.000000 0.000000 1.000000
1718263556.557686 -1118.160400 -1296.557700 0.000000 0.000000 0.000000 0.000000 1.000000
1718263556.894603 -1121.421300 -1300.334600 0.000000 0.000000 0.000000 0.000000 1.000000
1718263557.231519 -1124.682100 -1304.111500 0.000000 0.000000 0.000000 0.000000 1.000000
1718263557.568435 -1127.943000 -1307.888400 0.000000 0.000000 0.000000 0.000000 1.000000
1718263557.905351 -1131.203800 -1311.665300 0.000000 0.000000 0.000000 0.000000 1.000000
1718263558.242268 -1134.464700 -1315.442300 0.000000 0.000000 0.000000 0.000000 1.000000
1718263558.579184 -1137.725600 -1319.219200 0.000000 0.000000 0.000000 0.000000 1.000000
1718263558.916100 -1140.986400 -1322.996100 0.000000 0.000000 0.000000 0.000000 1.000000
1718263559.253017 -1144.247300 -1326.773000 0.000000 0.000000 0.000000 0.000000 1.000000
1718263559.589933 -1147.508100 -1330.549900 0.000000 0.000000 0.000000 0.000000 1.000000
1718263559.926849 -1150.769000 -1334.326800 0.000000 0.000000 0.000000 0.000000 1.000000
1718263560.263766 -1154.029800 -1338.103700 0.000000 0.000000 0.000000 0.000000 1.000000
1718263560.600682 -1157.290700 -1341.880700 0.000000 0.000000 0.000000 0.000000 1.000000
1718263560.937598 -1160.551600 -1345.657600 0.000000 0.000000 0.000000 0.000000 1.000000
1718263561.274514 -1163.812400 -1349.434500 0.000000 0.000000 0.000000 0.000000 1.000000
1718263561.611431 -1167.073300 -1353.211400 0.000000 0.000000 0.000000 0.000000 1.000000
1718263561.948347 -1170.334100 -1356.988300 0.000000 0.000000 0.000000 0.000000 1.000000
1718263562.285264 -1173.595000 -1360.765200 0.000000 0.000000 0.000000 0.000000 1.000000
1718263562.622180 -1176.855800 -1364.542100 0.000000 0.000000 0.000000 0.000000 1.000000
1718263562.959096 -1180.116700 -1368.319000 0.000000 0.000000 0.000000 0.000000 1.000000
1718263563.296012 -1183.377600 -1372.096000 0.000000 0.000000 0.000000 0.000000 1.000000
1718263563.632929 -1186.638400 -1375.872900 0.000000 0.000000 0.000000 0.000000 1.000000
1718263563.969845 -1189.899300 -1379.649800 0.000000 0.000000 0.000000 0.000000 1.000000
1718263564.306761 -1193.160100 -1383.426700 0.000000 0.000000 0.000000 0.000000 1.000000
1718263564.643678 -1196.421000 -1387.203600 0.000000 0.000000 0.000000 0.000000 1.000000
1718263564.980594 -1199.681800 -1390.980500 0.000000 0.000000 0.000000 0.000000 1.000000
1718263565.317510 -1202.942700 -1394.757400 0.000000 0.000000 0.000000 0.000000 1.000000
1718263565.654427 -1206.203500 -1398.534400 0.000000 0.000000 0.000000 0.000000 1.000000
1718263565.991343 -1209.464400 -1402.311300 0.000000 0.000000 0.000000 0.000000 1.000000
1718263566.328259 -1212.725300 -1406.088200 0.000000 0.000000 0.000000 0.000000 1.000000
1718263566.665176 -1215.986100 -1409.865100 0.000000 0.000000 0.000000 0.000000 1.000000
1718263567.002092 -1219.247000 -1413.642000 0.000000 0.000000 0.000000 0.000000 1.000000
1718263567.339008 -1222.507800 -1417.418900 0.000000 0.000000 0.000000 0.000000 1.000000
1718263567.675925 -1225.768700 -1421.195800 0.000000 0.000000 0.000000 0.000000 1.000000
1718263568.012841 -1229.029500 -1424.972800 0.000000 0.000000 0.000000 0.000000 1.000000
1718263568.349757 -1232.290400 -1428.749700 0.000000 0.000000 0.000000 0.000000 1.000000
1718263568.686673 -1235.551300 -1432.526600 0.000000 0.000000 0.000000 0.000000 1.000000
1718263569.023590 -1238.812100 -1436.303500 0.000000 0.000000 0.000000 0.000000 1.000000
1718263569.360506 -1242.073000 -1440.080400 0.000000 0.000000 0.000000 0.000000 1.000000
1718263569.697423 -1245.333800 -1443.857300 0.000000 0.000000 0.000000 0.000000 1.000000
1718263570.034339 -1248.594700 -1447.634200 0.000000 0.000000 0.000000 0.000000 1.000000
1718263570.371255 -1251.855500 -1451.411100 0.000000 0.000000 0.000000 0.000000 1.000000
1718263570.708171 -1255.116400 -1455.188100 0.000000 0.000000 0.000000 0.000000 1.000000
1718263571.045088 -1258.377300 -1458.965000 0.000000 0.000000 0.000000 0.000000 1.000000
1718263571.382004 -1261.638100 -1462.741900 0.000000 0.000000 0.000000 0.000000 1.000000
1718263571.718920 -1264.899000 -1466.518800 0.000000 0.000000 0.000000 0.000000 1.000000
1718263572.055837 -1268.159800 -1470.295700 0.000000 0.000000 0.000000 0.000000 1.000000
1718263572.392753 -1271.420700 -1474.072600 0.000000 0.000000 0.000000 0.000000 1.000000
1718263572.729669 -1274.681500 -1477.849500 0.000000 0.000000 0.000000 0.000000 1.000000
1718263573.066586 -1277.942400 -1481.626500 0.000000 0.000000 0.000000 0.000000 1.000000
1718263573.403502 -1281.203200 -1485.403400 0.000000 0.000000 0.000000 0.000000 1.000000
1718263573.740418 -1284.464100 -1489.180300 0.000000 0.000000 0.000000 0.000000 1.000000
1718263574.077334 -1287.725000 -1492.957200 0.000000 0.000000 0.000000 0.000000 1.000000
1718263574.414251 -1290.985800 -1496.734100 0.000000 0.000000 0.000000 0.000000 1.000000
1718263574.751167 -1294.246700 -1500.511000 0.000000 0.000000 0.000000 0.000000 1.000000
1718263575.088084 -1297.507500 -1504.287900 0.000000 0.000000 0.000000 0.000000 1.000000
1718263575.425000 -1300.768400 -1508.064900 0.000000 0.000000 0.000000 0.000000 1.000000
1718263575.761916 -1304.029200 -1511.841800 0.000000 0.000000 0.000000 0.000000 1.000000
1718263576.098832 -1307.290100 -1515.618700 0.000000 0.000000 0.000000 0.000000 1.000000
1718263576.435749 -1310.551000 -1519.395600 0.000000 0.000000 0.000000 0.000000 1.000000
1718263576.772665 -1313.811800 -1523.172500 0.000000 0.000000 0.000000 0.000000 1.000000
1718263577.109581 -1317.072700 -1526.949400 0.000000 0.000000 0.000000 0.000000 1.000000
1718263577.446498 -1320.333500 -1530.726300 0.000000 0.000000 0.000000 0.000000 1.000000
1718263577.783414 -1323.594400 -1534.503200 0.000000 0.000000 0.000000 0.000000 1.000000
1718263578.120330 -1326.855200 -1538.280200 0.000000 0.000000 0.000000 0.000000 1.000000
1718263578.457247 -1330.116100 -1542.057100 0.000000 0.000000 0.000000 0.000000 1.000000
1718263578.794163 -1333.376900 -1545.834000 0.000000 0.000000 0.000000 0.000000 1.000000
1718263579.131079 -1336.637800 -1549.610900 0.000000 0.000000 0.000000 0.000000 1.000000
1718263579.467995 -1339.898700 -1553.387800 0.000000 0.000000 0.000000 0.000000 1.000000
1718263579.804912 -1343.159500 -1557.164700 0.000000 0.000000 0.000000 0.000000 1.000000
1718263580.141828 -1346.420400 -1560.941600 0.000000 0.000000 0.000000 0.000000 1.000000
1718263580.478745 -1349.681200 -1564.718600 0.000000 0.000000 0.000000 0.000000 1.000000
1718263580.815661 -1352.942100 -1568.495500 0.000000 0.000000 0.000000 0.000000 1.000000
1718263581.152577 -1356.202900 -1572.272400 0.000000 0.000000 0.000000 0.000000 1.000000
1718263581.489493 -1359.463800 -1576.049300 0.000000 0.000000 0.000000 0.000000 1.000000
1718263581.826410 -1362.296200 -1579.409000 0.000000 0.000000 0.000000 0.000000 1.000000
1718263582.163326 -1365.128600 -1582.768600 0.000000 0.000000 0.000000 0.000000 1.000000
1718263582.500242 -1367.960900 -1586.128300 0.000000 0.000000 0.000000 0.000000 1.000000
1718263582.837159 -1370.793300 -1589.488000 0.000000 0.000000 0.000000 0.000000 1.000000
1718263583.174075 -1373.625700 -1592.847600 0.000000 0.000000 0.000000 0.000000 1.000000
1718263583.510991 -1376.458100 -1596.207300 0.000000 0.000000 0.000000 0.000000 1.000000
1718263583.847908 -1380.693200 -1601.309100 0.000000 0.000000 0.000000 0.000000 1.000000
1718263584.184824 -1383.719100 -1604.976400 0.000000 0.000000 0.000000 0.000000 1.000000
1718263584.521740 -1386.744900 -1608.643800 0.000000 0.000000 0.000000 0.000000 1.000000
1718263584.858657 -1389.770800 -1612.311100 0.000000 0.000000 0.000000 0.000000 1.000000
1718263585.195573 -1392.724000 -1615.611300 0.000000 0.000000 0.000000 0.000000 1.000000
1718263585.532489 -1395.677300 -1618.911500 0.000000 0.000000 0.000000 0.000000 1.000000
1718263585.869406 -1398.630500 -1622.211700 0.000000 0.000000 0.000000 0.000000 1.000000
1718263586.206322 -1401.583700 -1625.511900 0.000000 0.000000 0.000000 0.000000 1.000000
1718263586.543238 -1404.537000 -1628.812100 0.000000 0.000000 0.000000 0.000000 1.000000
1718263586.880154 -1407.490200 -1632.112300 0.000000 0.000000 0.000000 0.000000 1.000000
1718263587.217071 -1410.516100 -1635.113900 0.000000 0.000000 0.000000 0.000000 1.000000
1718263587.553987 -1413.541900 -1638.115600 0.000000 0.000000 0.000000 0.000000 1.000000
1718263587.890903 -1416.567800 -1641.117200 0.000000 0.000000 0.000000 0.000000 1.000000
1718263588.227820 -1419.593700 -1644.118900 0.000000 0.000000 0.000000 0.000000 1.000000
1718263588.564736 -1422.619500 -1647.120500 0.000000 0.000000 0.000000 0.000000 1.000000
1718263588.901652 -1425.645400 -1650.122200 0.000000 0.000000 0.000000 0.000000 1.000000
1718263589.238569 -1428.913300 -1652.946300 0.000000 0.000000 0.000000 0.000000 1.000000
1718263589.575485 -1432.181200 -1655.770500 0.000000 0.000000 0.000000 0.000000 1.000000
1718263589.912401 -1435.449100 -1658.594600 0.000000 0.000000 0.000000 0.000000 1.000000
1718263590.249318 -1438.717100 -1661.418700 0.000000 0.000000 0.000000 0.000000 1.000000
1718263590.586234 -1441.985000 -1664.242900 0.000000 0.000000 0.000000 0.000000 1.000000
1718263590.923150 -1445.252900 -1667.067000 0.000000 0.000000 0.000000 0.000000 1.000000
1718263591.260067 -1448.726600 -1669.427200 0.000000 0.000000 0.000000 0.000000 1.000000
1718263591.596983 -1452.200300 -1671.787300 0.000000 0.000000 0.000000 0.000000 1.000000
1718263591.933899 -1455.674000 -1674.147500 0.000000 0.000000 0.000000 0.000000 1.000000
1718263592.270815 -1459.147700 -1676.507700 0.000000 0.000000 0.000000 0.000000 1.000000
1718263592.607732 -1462.568900 -1678.589500 0.000000 0.000000 0.000000 0.000000 1.000000
1718263592.944648 -1465.990200 -1680.671300 0.000000 0.000000 0.000000 0.000000 1.000000
1718263593.281564 -1469.411400 -1682.753100 0.000000 0.000000 0.000000 0.000000 1.000000
1718263593.618481 -1473.591100 -1684.867200 0.000000 0.000000 0.000000 0.000000 1.000000
1718263593.955397 -1477.770800 -1686.981200 0.000000 0.000000 0.000000 0.000000 1.000000
1718263594.292313 -1481.950500 -1689.095300 0.000000 0.000000 0.000000 0.000000 1.000000
1718263594.629230 -1486.118000 -1690.911500 0.000000 0.000000 0.000000 0.000000 1.000000
1718263594.966146 -1490.285600 -1692.727700 0.000000 0.000000 0.000000 0.000000 1.000000
1718263595.303062 -1494.453100 -1694.543900 0.000000 0.000000 0.000000 0.000000 1.000000
1718263595.639979 -1498.620700 -1696.360100 0.000000 0.000000 0.000000 0.000000 1.000000
1718263595.976895 -1502.779000 -1697.892300 0.000000 0.000000 0.000000 0.000000 1.000000
1718263596.313811 -1506.937300 -1699.424400 0.000000 0.000000 0.000000 0.000000 1.000000
1718263596.650728 -1511.095600 -1700.956600 0.000000 0.000000 0.000000 0.000000 1.000000
1718263596.987644 -1515.046200 -1702.078300 0.000000 0.000000 0.000000 0.000000 1.000000
1718263597.324560 -1518.996800 -1703.200000 0.000000 0.000000 0.000000 0.000000 1.000000
1718263597.661476 -1522.947500 -1704.321700 0.000000 0.000000 0.000000 0.000000 1.000000
1718263597.998393 -1526.898100 -1705.443400 0.000000 0.000000 0.000000 0.000000 1.000000
1718263598.335309 -1530.848700 -1706.565100 0.000000 0.000000 0.000000 0.000000 1.000000
1718263598.672225 -1535.141300 -1707.326100 0.000000 0.000000 0.000000 0.000000 1.000000
1718263599.009142 -1539.433800 -1708.087100 0.000000 0.000000 0.000000 0.000000 1.000000
1718263599.346058 -1543.726400 -1708.848100 0.000000 0.000000 0.000000 0.000000 1.000000
1718263599.682974 -1548.121800 -1709.403300 0.000000 0.000000 0.000000 0.000000 1.000000
1718263600.019891 -1552.517100 -1709.958400 0.000000 0.000000 0.000000 0.000000 1.000000
1718263600.356807 -1556.912500 -1710.513600 0.000000 0.000000 0.000000 0.000000 1.000000
1718263600.693723 -1561.721600 -1710.774100 0.000000 0.000000 0.000000 0.000000 1.000000
1718263601.030640 -1566.530700 -1711.034700 0.000000 0.000000 0.000000 0.000000 1.000000
1718263601.367556 -1571.339800 -1711.295200 0.000000 0.000000 0.000000 0.000000 1.000000
1718263601.704472 -1576.148900 -1711.555800 0.000000 0.000000 0.000000 0.000000 1.000000
1718263602.041389 -1580.958000 -1711.816300 0.000000 0.000000 0.000000 0.000000 1.000000
1718263602.378305 -1585.130600 -1711.777500 0.000000 0.000000 0.000000 0.000000 1.000000
1718263602.715221 -1589.303300 -1711.738700 0.000000 0.000000 0.000000 0.000000 1.000000
1718263603.052137 -1593.475900 -1711.699900 0.000000 0.000000 0.000000 0.000000 1.000000
1718263603.389054 -1597.648600 -1711.661100 0.000000 0.000000 0.000000 0.000000 1.000000
1718263603.725970 -1601.821200 -1711.622300 0.000000 0.000000 0.000000 0.000000 1.000000
1718263604.062886 -1606.624900 -1711.253800 0.000000 0.000000 0.000000 0.000000 1.000000
1718263604.399803 -1611.428600 -1710.885300 0.000000 0.000000 0.000000 0.000000 1.000000
1718263604.736719 -1616.232300 -1710.516800 0.000000 0.000000 0.000000 0.000000 1.000000
1718263605.073635 -1621.036100 -1710.148400 0.000000 0.000000 0.000000 0.000000 1.000000
1718263605.410552 -1625.839800 -1709.779900 0.000000 0.000000 0.000000 0.000000 1.000000
1718263605.747468 -1630.643500 -1709.411400 0.000000 0.000000 0.000000 0.000000 1.000000
1718263606.084384 -1635.381600 -1709.047900 0.000000 0.000000 0.000000 0.000000 1.000000
1718263606.421301 -1640.119600 -1708.684500 0.000000 0.000000 0.000000 0.000000 1.000000
1718263606.758217 -1644.857700 -1708.321000 0.000000 0.000000 0.000000 0.000000 1.000000
1718263607.095133 -1649.385300 -1707.635900 0.000000 0.000000 0.000000 0.000000 1.000000
1718263607.432050 -1653.913000 -1706.950800 0.000000 0.000000 0.000000 0.000000 1.000000
1718263607.768966 -1658.440600 -1706.265700 0.000000 0.000000 0.000000 0.000000 1.000000
1718263608.105882 -1662.968300 -1705.580600 0.000000 0.000000 0.000000 0.000000 1.000000
1718263608.442799 -1666.742100 -1705.009500 0.000000 0.000000 0.000000 0.000000 1.000000
1718263608.779715 -1670.516000 -1704.438500 0.000000 0.000000 0.000000 0.000000 1.000000
1718263609.116631 -1674.289800 -1703.867400 0.000000 0.000000 0.000000 0.000000 1.000000
1718263609.453547 -1678.063700 -1703.296400 0.000000 0.000000 0.000000 0.000000 1.000000
1718263609.790464 -1681.916000 -1702.349500 0.000000 0.000000 0.000000 0.000000 1.000000
1718263610.127380 -1685.768300 -1701.402500 0.000000 0.000000 0.000000 0.000000 1.000000
1718263610.464296 -1689.620600 -1700.455600 0.000000 0.000000 0.000000 0.000000 1.000000
1718263610.801213 -1693.618200 -1699.472900 0.000000 0.000000 0.000000 0.000000 1.000000
1718263611.138129 -1697.615900 -1698.490200 0.000000 0.000000 0.000000 0.000000 1.000000
1718263611.475045 -1702.118100 -1697.060600 0.000000 0.000000 0.000000 0.000000 1.000000
1718263611.811962 -1706.620300 -1695.631000 0.000000 0.000000 0.000000 0.000000 1.000000
1718263612.148878 -1711.122500 -1694.201500 0.000000 0.000000 0.000000 0.000000 1.000000
1718263612.485794 -1715.624700 -1692.771900 0.000000 0.000000 0.000000 0.000000 1.000000
1718263612.822711 -1720.017800 -1691.073800 0.000000 0.000000 0.000000 0.000000 1.000000
1718263613.159627 -1724.410900 -1689.375600 0.000000 0.000000 0.000000 0.000000 1.000000
1718263613.496543 -1728.804000 -1687.677500 0.000000 0.000000 0.000000 0.000000 1.000000
1718263613.833460 -1733.197200 -1685.979300 0.000000 0.000000 0.000000 0.000000 1.000000
1718263614.170376 -1737.590300 -1684.281200 0.000000 0.000000 0.000000 0.000000 1.000000
1718263614.507292 -1741.983400 -1682.583000 0.000000 0.000000 0.000000 0.000000 1.000000
1718263614.844208 -1746.376500 -1680.884900 0.000000 0.000000 0.000000 0.000000 1.000000
1718263615.181125 -1750.294900 -1679.022200 0.000000 0.000000 0.000000 0.000000 1.000000
1718263615.518041 -1754.213300 -1677.159400 0.000000 0.000000 0.000000 0.000000 1.000000
1718263615.854957 -1758.131800 -1675.296700 0.000000 0.000000 0.000000 0.000000 1.000000
1718263616.191874 -1762.050200 -1673.433900 0.000000 0.000000 0.000000 0.000000 1.000000
1718263616.528790 -1765.968600 -1671.571200 0.000000 0.000000 0.000000 0.000000 1.000000
1718263616.865706 -1770.008800 -1669.331700 0.000000 0.000000 0.000000 0.000000 1.000000
1718263617.202623 -1774.049000 -1667.092300 0.000000 0.000000 0.000000 0.000000 1.000000
1718263617.539539 -1778.089100 -1664.852800 0.000000 0.000000 0.000000 0.000000 1.000000
1718263617.876455 -1782.129300 -1662.613400 0.000000 0.000000 0.000000 0.000000 1.000000
1718263618.213372 -1786.169500 -1660.373900 0.000000 0.000000 0.000000 0.000000 1.000000
1718263618.550288 -1789.961500 -1657.975700 0.000000 0.000000 0.000000 0.000000 1.000000
1718263618.887204 -1793.753500 -1655.577600 0.000000 0.000000 0.000000 0.000000 1.000000
1718263619.224121 -1797.545500 -1653.179400 0.000000 0.000000 0.000000 0.000000 1.000000
1718263619.561037 -1801.337500 -1650.781200 0.000000 0.000000 0.000000 0.000000 1.000000
1718263619.897953 -1805.129500 -1648.383100 0.000000 0.000000 0.000000 0.000000 1.000000
1718263620.234869 -1808.921500 -1645.984900 0.000000 0.000000 0.000000 0.000000 1.000000
1718263620.571786 -1812.640100 -1642.829700 0.000000 0.000000 0.000000 0.000000 1.000000
1718263620.908702 -1816.358700 -1639.674600 0.000000 0.000000 0.000000 0.000000 1.000000
1718263621.245618 -1820.077300 -1636.519400 0.000000 0.000000 0.000000 0.000000 1.000000
1718263621.582535 -1823.796000 -1633.364200 0.000000 0.000000 0.000000 0.000000 1.000000
1718263621.919451 -1827.514600 -1630.209100 0.000000 0.000000 0.000000 0.000000 1.000000
1718263622.256367 -1831.233200 -1627.053900 0.000000 0.000000 0.000000 0.000000 1.000000
1718263622.593284 -1835.161400 -1624.025100 0.000000 0.000000 0.000000 0.000000 1.000000
1718263622.930200 -1839.089600 -1620.996300 0.000000 0.000000 0.000000 0.000000 1.000000
1718263623.267116 -1843.017800 -1617.967500 0.000000 0.000000 0.000000 0.000000 1.000000
1718263623.604033 -1846.946000 -1614.938700 0.000000 0.000000 0.000000 0.000000 1.000000
1718263623.940949 -1850.874200 -1611.909900 0.000000 0.000000 0.000000 0.000000 1.000000
1718263624.277865 -1855.054700 -1609.188600 0.000000 0.000000 0.000000 0.000000 1.000000
1718263624.614782 -1859.235200 -1606.467200 0.000000 0.000000 0.000000 0.000000 1.000000
1718263624.951698 -1863.415700 -1603.745900 0.000000 0.000000 0.000000 0.000000 1.000000
1718263625.288614 -1867.596200 -1601.024600 0.000000 0.000000 0.000000 0.000000 1.000000
1718263625.625530 -1871.776700 -1598.303200 0.000000 0.000000 0.000000 0.000000 1.000000
1718263625.962447 -1875.957200 -1595.581900 0.000000 0.000000 0.000000 0.000000 1.000000
1718263626.299363 -1879.790800 -1593.925500 0.000000 0.000000 0.000000 0.000000 1.000000
1718263626.636280 -1883.624400 -1592.269100 0.000000 0.000000 0.000000 0.000000 1.000000
1718263626.973196 -1887.458000 -1590.612700 0.000000 0.000000 0.000000 0.000000 1.000000
1718263627.310112 -1891.291600 -1588.956300 0.000000 0.000000 0.000000 0.000000 1.000000
1718263627.647028 -1895.125200 -1587.299900 0.000000 0.000000 0.000000 0.000000 1.000000
1718263627.983945 -1899.911300 -1586.177200 0.000000 0.000000 0.000000 0.000000 1.000000
1718263628.320861 -1904.697400 -1585.054600 0.000000 0.000000 0.000000 0.000000 1.000000
1718263628.657777 -1909.483500 -1583.931900 0.000000 0.000000 0.000000 0.000000 1.000000
1718263628.994694 -1913.519100 -1583.622800 0.000000 0.000000 0.000000 0.000000 1.000000
1718263629.331610 -1917.554600 -1583.313700 0.000000 0.000000 0.000000 0.000000 1.000000
1718263629.668526 -1921.590200 -1583.004600 0.000000 0.000000 0.000000 0.000000 1.000000
1718263630.005443 -1925.625800 -1582.695500 0.000000 0.000000 0.000000 0.000000 1.000000
1718263630.342359 -1929.950600 -1583.018300 0.000000 0.000000 0.000000 0.000000 1.000000
1718263630.679275 -1934.275500 -1583.341200 0.000000 0.000000 0.000000 0.000000 1.000000
1718263631.016191 -1938.600300 -1583.664000 0.000000 0.000000 0.000000 0.000000 1.000000
1718263631.353108 -1942.925200 -1583.986900 0.000000 0.000000 0.000000 0.000000 1.000000
1718263631.690024 -1947.263200 -1585.643200 0.000000 0.000000 0.000000 0.000000 1.000000
1718263632.026941 -1951.601200 -1587.299600 0.000000 0.000000 0.000000 0.000000 1.000000
1718263632.363857 -1955.939200 -1588.955900 0.000000 0.000000 0.000000 0.000000 1.000000
1718263632.700773 -1959.567900 -1591.085600 0.000000 0.000000 0.000000 0.000000 1.000000
1718263633.037689 -1963.196500 -1593.215200 0.000000 0.000000 0.000000 0.000000 1.000000
1718263633.374606 -1966.825200 -1595.344900 0.000000 0.000000 0.000000 0.000000 1.000000
1718263633.711522 -1969.664500 -1597.711200 0.000000 0.000000 0.000000 0.000000 1.000000
1718263634.048438 -1972.503900 -1600.077600 0.000000 0.000000 0.000000 0.000000 1.000000
1718263634.385355 -1975.343200 -1602.443900 0.000000 0.000000 0.000000 0.000000 1.000000
1718263634.722271 -1977.908700 -1605.514900 0.000000 0.000000 0.000000 0.000000 1.000000
1718263635.059187 -1980.474200 -1608.585900 0.000000 0.000000 0.000000 0.000000 1.000000
1718263635.396104 -1982.849700 -1611.521400 0.000000 0.000000 0.000000 0.000000 1.000000
1718263635.733020 -1985.225200 -1614.456900 0.000000 0.000000 0.000000 0.000000 1.000000
1718263636.069936 -1986.821700 -1616.947400 0.000000 0.000000 0.000000 0.000000 1.000000
1718263636.406852 -1988.418200 -1619.437900 0.000000 0.000000 0.000000 0.000000 1.000000
1718263636.743769 -1990.014700 -1622.653400 0.000000 0.000000 0.000000 0.000000 1.000000
1718263637.080685 -1991.611200 -1625.868900 0.000000 0.000000 0.000000 0.000000 1.000000
1718263637.417602 -1992.798700 -1628.634900 0.000000 0.000000 0.000000 0.000000 1.000000
1718263637.754518 -1993.986200 -1631.400900 0.000000 0.000000 0.000000 0.000000 1.000000
1718263638.091434 -1995.063200 -1635.221400 0.000000 0.000000 0.000000 0.000000 1.000000
1718263638.428350 -1996.140200 -1639.041900 0.000000 0.000000 0.000000 0.000000 1.000000
1718263638.765267 -1996.919700 -1643.027900 0.000000 0.000000 0.000000 0.000000 1.000000
1718263639.102183 -1997.699200 -1647.013900 0.000000 0.000000 0.000000 0.000000 1.000000
1718263639.439099 -1997.793700 -1651.609900 0.000000 0.000000 0.000000 0.000000 1.000000
1718263639.776016 -1997.888200 -1656.205900 0.000000 0.000000 0.000000 0.000000 1.000000
1718263640.112932 -1997.579300 -1659.135100 0.000000 0.000000 0.000000 0.000000 1.000000
1718263640.449848 -1997.270400 -1662.064300 0.000000 0.000000 0.000000 0.000000 1.000000
1718263640.786765 -1997.270400 -1662.064300 0.000000 0.000000 0.000000 0.000000 1.000000
1718263641.123681 -1997.008200 -1664.551000 0.000000 0.000000 0.000000 0.000000 1.000000
1718263641.460597 -1995.830200 -1670.044900 0.000000 0.000000 0.000000 0.000000 1.000000
1718263641.797514 -1994.811200 -1674.030900 0.000000 0.000000 0.000000 0.000000 1.000000
1718263642.134430 -1993.050200 -1678.626900 0.000000 0.000000 0.000000 0.000000 1.000000
1718263642.471346 -1991.289200 -1683.222900 0.000000 0.000000 0.000000 0.000000 1.000000
1718263642.808263 -1989.861700 -1685.713400 0.000000 0.000000 0.000000 0.000000 1.000000
1718263643.145179 -1988.434200 -1688.203900 0.000000 0.000000 0.000000 0.000000 1.000000
1718263643.482095 -1988.426100 -1688.217900 0.000000 0.000000 0.000000 0.000000 1.000000
1718263643.819011 -1986.248200 -1691.974900 0.000000 0.000000 0.000000 0.000000 1.000000
1718263644.155928 -1983.633200 -1695.795400 0.000000 0.000000 0.000000 0.000000 1.000000
1718263644.492844 -1981.018200 -1699.615900 0.000000 0.000000 0.000000 0.000000 1.000000
1718263644.829761 -1978.122700 -1702.661900 0.000000 0.000000 0.000000 0.000000 1.000000
1718263645.166677 -1975.227200 -1705.707900 0.000000 0.000000 0.000000 0.000000 1.000000
1718263645.503593 -1975.227200 -1705.707900 0.000000 0.000000 0.000000 0.000000 1.000000
1718263645.840509 -1971.982600 -1708.935600 0.000000 0.000000 0.000000 0.000000 1.000000
1718263646.177426 -1971.975400 -1708.942800 0.000000 0.000000 0.000000 0.000000 1.000000
1718263646.514342 -1969.667200 -1711.238900 0.000000 0.000000 0.000000 0.000000 1.000000
1718263646.851258 -1965.810200 -1714.174400 0.000000 0.000000 0.000000 0.000000 1.000000
1718263647.188175 -1961.953200 -1717.109900 0.000000 0.000000 0.000000 0.000000 1.000000
1718263647.525091 -1957.874200 -1718.940400 0.000000 0.000000 0.000000 0.000000 1.000000
1718263647.862007 -1953.795200 -1720.770900 0.000000 0.000000 0.000000 0.000000 1.000000
1718263648.198924 -1950.194200 -1721.716400 0.000000 0.000000 0.000000 0.000000 1.000000
1718263648.535840 -1946.593200 -1722.661900 0.000000 0.000000 0.000000 0.000000 1.000000
1718263648.872756 -1943.189500 -1722.962400 0.000000 0.000000 0.000000 0.000000 1.000000
1718263649.209672 -1939.785900 -1723.263000 0.000000 0.000000 0.000000 0.000000 1.000000
1718263649.546589 -1934.365700 -1723.395600 0.000000 0.000000 0.000000 0.000000 1.000000
1718263649.883505 -1930.118300 -1723.424700 0.000000 0.000000 0.000000 0.000000 1.000000
1718263650.220422 -1925.871000 -1723.453700 0.000000 0.000000 0.000000 0.000000 1.000000
1718263650.557338 -1921.623700 -1723.482800 0.000000 0.000000 0.000000 0.000000 1.000000
1718263650.894254 -1917.319100 -1722.994300 0.000000 0.000000 0.000000 0.000000 1.000000
1718263651.231170 -1913.014400 -1722.505900 0.000000 0.000000 0.000000 0.000000 1.000000
1718263651.568087 -1908.709800 -1722.017400 0.000000 0.000000 0.000000 0.000000 1.000000
1718263651.905003 -1905.009000 -1721.383500 0.000000 0.000000 0.000000 0.000000 1.000000
1718263652.241919 -1901.308100 -1720.749600 0.000000 0.000000 0.000000 0.000000 1.000000
1718263652.578836 -1897.607300 -1720.115700 0.000000 0.000000 0.000000 0.000000 1.000000
1718263652.915752 -1892.913300 -1718.565200 0.000000 0.000000 0.000000 0.000000 1.000000
1718263653.252668 -1888.219300 -1717.014700 0.000000 0.000000 0.000000 0.000000 1.000000
1718263653.589585 -1884.892000 -1715.948000 0.000000 0.000000 0.000000 0.000000 1.000000
1718263653.926501 -1881.564600 -1714.881400 0.000000 0.000000 0.000000 0.000000 1.000000
1718263654.263417 -1878.237300 -1713.814700 0.000000 0.000000 0.000000 0.000000 1.000000
1718263654.600333 -1874.046300 -1712.667700 0.000000 0.000000 0.000000 0.000000 1.000000
1718263654.937250 -1869.855300 -1711.520700 0.000000 0.000000 0.000000 0.000000 1.000000
1718263655.274166 -1865.664300 -1710.373700 0.000000 0.000000 0.000000 0.000000 1.000000
1718263655.611083 -1862.991800 -1709.433200 0.000000 0.000000 0.000000 0.000000 1.000000
1718263655.947999 -1860.319300 -1708.492700 0.000000 0.000000 0.000000 0.000000 1.000000
1718263656.284915 -1856.144800 -1706.997700 0.000000 0.000000 0.000000 0.000000 1.000000
1718263656.621831 -1851.970300 -1705.502700 0.000000 0.000000 0.000000 0.000000 1.000000
1718263656.958748 -1848.225000 -1704.622400 0.000000 0.000000 0.000000 0.000000 1.000000
1718263657.295664 -1844.479600 -1703.742000 0.000000 0.000000 0.000000 0.000000 1.000000
1718263657.632580 -1840.734300 -1702.861700 0.000000 0.000000 0.000000 0.000000 1.000000
1718263657.969497 -1836.750000 -1701.974700 0.000000 0.000000 0.000000 0.000000 1.000000
1718263658.306413 -1832.765600 -1701.087700 0.000000 0.000000 0.000000 0.000000 1.000000
1718263658.643329 -1828.781300 -1700.200700 0.000000 0.000000 0.000000 0.000000 1.000000
1718263658.980246 -1824.378600 -1699.684000 0.000000 0.000000 0.000000 0.000000 1.000000
1718263659.317162 -1819.976000 -1699.167400 0.000000 0.000000 0.000000 0.000000 1.000000
1718263659.654078 -1815.573300 -1698.650700 0.000000 0.000000 0.000000 0.000000 1.000000
1718263659.990994 -1811.372300 -1698.513200 0.000000 0.000000 0.000000 0.000000 1.000000
1718263660.327911 -1807.171300 -1698.375700 0.000000 0.000000 0.000000 0.000000 1.000000
1718263660.664827 -1802.970300 -1698.238200 0.000000 0.000000 0.000000 0.000000 1.000000
1718263661.001744 -1798.769300 -1698.100700 0.000000 0.000000 0.000000 0.000000 1.000000
1718263661.338660 -1794.984800 -1698.240700 0.000000 0.000000 0.000000 0.000000 1.000000
1718263661.675576 -1791.200300 -1698.380700 0.000000 0.000000 0.000000 0.000000 1.000000
1718263662.012492 -1787.415800 -1698.520700 0.000000 0.000000 0.000000 0.000000 1.000000
1718263662.349409 -1783.631300 -1698.660700 0.000000 0.000000 0.000000 0.000000 1.000000
1718263662.686325 -1780.754800 -1698.561700 0.000000 0.000000 0.000000 0.000000 1.000000
1718263663.023241 -1777.878300 -1698.462700 0.000000 0.000000 0.000000 0.000000 1.000000
1718263663.360158 -1773.044700 -1698.491200 0.000000 0.000000 0.000000 0.000000 1.000000
1718263663.697074 -1768.211000 -1698.519700 0.000000 0.000000 0.000000 0.000000 1.000000
1718263664.033990 -1763.377400 -1698.548300 0.000000 0.000000 0.000000 0.000000 1.000000
1718263664.370907 -1758.543800 -1698.576800 0.000000 0.000000 0.000000 0.000000 1.000000
1718263664.707823 -1753.783300 -1699.084300 0.000000 0.000000 0.000000 0.000000 1.000000
1718263665.044739 -1749.022800 -1699.591800 0.000000 0.000000 0.000000 0.000000 1.000000
1718263665.381656 -1744.262300 -1700.099300 0.000000 0.000000 0.000000 0.000000 1.000000
1718263665.718572 -1739.501800 -1700.606900 0.000000 0.000000 0.000000 0.000000 1.000000
1718263666.055488 -1734.741300 -1701.114400 0.000000 0.000000 0.000000 0.000000 1.000000
1718263666.392405 -1729.980800 -1701.621900 0.000000 0.000000 0.000000 0.000000 1.000000
1718263666.729321 -1725.220300 -1702.129400 0.000000 0.000000 0.000000 0.000000 1.000000
1718263667.066237 -1720.459900 -1702.636900 0.000000 0.000000 0.000000 0.000000 1.000000
1718263667.403153 -1715.699400 -1703.144400 0.000000 0.000000 0.000000 0.000000 1.000000
1718263667.740070 -1710.938900 -1703.651900 0.000000 0.000000 0.000000 0.000000 1.000000
1718263668.076986 -1706.178400 -1704.159500 0.000000 0.000000 0.000000 0.000000 1.000000
1718263668.413903 -1701.417900 -1704.667000 0.000000 0.000000 0.000000 0.000000 1.000000
1718263668.750819 -1696.657400 -1705.174500 0.000000 0.000000 0.000000 0.000000 1.000000
1718263669.087735 -1691.896900 -1705.682000 0.000000 0.000000 0.000000 0.000000 1.000000
1718263669.424651 -1687.937600 -1705.949900 0.000000 0.000000 0.000000 0.000000 1.000000
1718263669.761568 -1683.978300 -1706.217900 0.000000 0.000000 0.000000 0.000000 1.000000
1718263670.098484 -1680.019000 -1706.485800 0.000000 0.000000 0.000000 0.000000 1.000000
1718263670.435400 -1675.711100 -1706.777300 0.000000 0.000000 0.000000 0.000000 1.000000
1718263670.772317 -1671.403200 -1707.068800 0.000000 0.000000 0.000000 0.000000 1.000000
1718263671.109233 -1667.095400 -1707.360400 0.000000 0.000000 0.000000 0.000000 1.000000
1718263671.446149 -1662.787500 -1707.651900 0.000000 0.000000 0.000000 0.000000 1.000000
1718263671.783066 -1661.458300 -1711.895500 0.000000 0.000000 0.000000 0.000000 1.000000
1718263672.119982 -1660.129100 -1716.139100 0.000000 0.000000 0.000000 0.000000 1.000000
1718263672.456898 -1660.129100 -1716.139100 0.000000 0.000000 0.000000 0.000000 1.000000
1718263672.793814 -1660.289600 -1720.097600 0.000000 0.000000 0.000000 0.000000 1.000000
1718263673.130731 -1660.441200 -1723.838100 0.000000 0.000000 0.000000 0.000000 1.000000
1718263673.467647 -1660.592800 -1727.578700 0.000000 0.000000 0.000000 0.000000 1.000000
1718263673.804564 -1660.793200 -1732.521200 0.000000 0.000000 0.000000 0.000000 1.000000
1718263674.141480 -1660.935000 -1736.020500 0.000000 0.000000 0.000000 0.000000 1.000000
1718263674.478396 -1661.076900 -1739.519800 0.000000 0.000000 0.000000 0.000000 1.000000
1718263674.815312 -1661.261500 -1744.076300 0.000000 0.000000 0.000000 0.000000 1.000000
